590565
475524
449557
474074
450959
419708
814342
124351
317859
48704
292372
879393
660975
215356
415800
303659
884924
394675
369373
19309
169532
514176
202523
277556
923936
657607
345822
423557
788998
780990
817893
176757
667984
435858
372903
986728
814416
747703
757968
313060
769823
526607
841320
842385
192717
412918
986453
889743
818354
581224
453879
955892
148579
397519
521201
449633
584768
707373
579016
433344
308267
576099
208291
635740
760979
200796
185202
56668
375982
830041
893676
304989
418949
551129
901488
512299
874857
818404
485837
229724
40899
778100
105437
545674
754121
419137
826188
946987
824525
273384
216950
345551
888367
563255
475374
958133
250483
640663
881308
806217
681837
974614
579454
215422
683865
819281
994255
698052
916423
90746
705732
399910
667763
440908
51763
209603
543411
224200
887375
710119
510729
534122
19790
638790
302104
558637
696235
726612
540084
69304
604935
623364
336978
83364
184811
901275
888414
400106
570344
154799
843692
942126
529055
925441
759686
454434
197021
975028
757284
972312
282910
695786
769081
987561
811827
309434
964714
779963
622142
580175
639961
412017
489881
235296
822752
427381
346582
239111
719962
819739
819745
48897
925531
282226
966978
42881
182719
811692
60095
454705
556832
975271
619102
733894
98849
877783
978824
101758
479719
781970
900937
660601
934184
474872
712564
253809
39067
939069
751908
672792
855567
203093
808285
457549
46296
573179
322192
893370
267555
912413
327805
652236
692139
206439
664755
877776
396228
712682
999411
36135
437845
277289
904051
213221
905891
933312
465022
934412
182280
566962
928568
256224
817986
214029
904704
226727
546087
424444
180526
2623
937911
837289
297595
270363
606538
776396
880128
833052
692904
771157
235991
904776
988791
748018
514398
574377
915023
618365
204634
276484
249642
663942
78839
933045
32247
888632
789101
543652
410445
234858
463295
593382
671164
790724
689886
394738
227648
312908
893034
879869
351631
570572
243352
869301
313233
942690
780526
633303
999344
874980
177131
435246
395781
889069
51525
925865
177457
397769
529866
704023
525517
434361
20584
184705
444409
2979
546120
196900
841105
725401
402260
324681
591486
938180
304090
803843
867688
745708
917192
197061
629897
668903
379863
893021
981149
142813
677637
329745
641078
88307
562106
659220
700907
962204
187237
963696
382584
12830
881925
232833
357415
962723
478099
273913
944687
579840
158213
431487
834054
525008
960709
685983
347452
798337
909606
341687
597639
342363
266177
817480
35373
283617
405424
790700
442952
610704
138150
525863
497337
982468
302442
136021
170732
747002
64174
600195
507203
842160
952144
959322
222817
483561
667948
704694
148822
370445
960860
897622
729314
502444
757645
443563
873256
134115
309311
680275
762480
168599
866648
450975
338265
979999
817318
757328
219353
155902
384688
684193
305266
917325
838647
752254
212468
867384
138638
415378
365289
1951
162067
983486
312736
210908
679049
909477
39257
95780
570003
142372
498378
482054
44431
794527
510284
579217
169549
444279
57061
921747
685931
323927
948018
292539
945615
950638
61425
437280
774207
614071
254953
662490
326688
788339
98358
299790
429705
991929
943349
905992
101251
271523
44680
551489
405087
48490
525958
162943
674228
399180
81986
93404
345908
295593
905398
207134
73962
829166
93069
318021
478995
126632
25610
500132
591638
795194
936792
570215
714912
46250
870894
76915
320928
722325
492894
566123
962908
220227
754875
376462
589231
115989
331109
415933
329439
330075
592371
617754
837535
897474
658875
800461
124894
857130
665280
650912
965385
716182
904121
411530
466340
751869
523770
561865
106048
977021
723714
741608
31450
834863
828960
630496
567056
412757
80962
206427
430977
62832
897051
1363
28735
319215
405168
617433
850163
761409
812160
968818
606094
345163
104334
140380
904680
251126
680076
875694
622391
998687
189605
313053
979884
799154
88935
75419
838445
507153
480012
42713
719915
731693
796452
195758
474977
620344
945056
507600
548712
487665
987581
967102
473528
618654
308938
252480
806527
743384
394136
247494
607063
782912
424446
294446
919912
221520
813766
494177
124314
367436
19960
497309
355380
266262
318016
881677
284374
748577
801278
704019
964623
360446
868395
778152
743708
881618
855459
328923
815422
86953
478611
776373
238263
491299
891199
942526
712224
544524
745968
601048
632298
41098
907897
200584
119855
190639
235941
749589
738868
422062
270591
677961
591614
97067
340606
193876
982861
910635
383114
855184
989817
856299
10543
652256
523368
319948
360413
470705
289066
247979
850841
938978
297969
128143
375492
785664
642416
401404
466118
759018
354574
247460
624471
454612
824903
867453
690538
757350
764000
240046
761974
211012
976965
374371
505058
248937
463552
466111
692172
951084
263640
250033
633206
470181
143364
526368
987149
973225
118794
693504
326679
49840
556857
741702
133241
922392
656383
86392
609955
484035
395624
696413
441049
154779
325620
716564
694750
478389
998355
960641
214271
564627
502783
395234
459129
961540
396534
92352
139912
210982
524819
357632
529869
560588
908168
90457
942874
943098
753018
451104
142494
634253
642105
170558
440808
315192
359259
558980
42137
821096
694068
951445
438443
424969
921075
222337
467864
997858
212060
541747
274920
165660
875741
747520
745178
69792
983312
679455
807918
906589
627596
842040
672973
533481
72552
630613
215574
791935
417037
292661
145222
748455
597623
885439
340099
815795
623752
237332
135941
659109
119881
461501
149794
704238
946238
631300
769908
755025
411940
107806
742504
439142
127305
18053
792614
509307
368648
470756
323864
763669
459040
720492
137754
853908
481457
690564
623292
420084
885522
433501
235254
505392
75089
463267
887977
178625
134408
480079
107470
429700
470360
810649
847613
817977
465605
364107
527260
908903
810030
453809
837794
623198
104679
20077
819079
114516
90357
823591
385674
61041
92645
447521
574110
676838
366857
834280
154418
297720
237392
344358
505948
362971
258817
98389
219937
310521
120980
793102
735843
618706
136877
571263
11368
250813
519029
550907
713283
188300
910103
834348
768673
467597
742932
897187
583217
752173
899396
42000
395633
721144
240170
543757
198738
810107
107954
485140
455239
768907
926153
569426
675631
279070
237209
529875
335005
716694
732320
116828
635904
260254
938092
312087
203892
871725
88885
257065
684644
754920
528279
605408
402329
789412
277610
68488
392868
642313
21696
401053
266020
312722
729850
672154
254069
484784
982471
992176
267189
572430
421818
269010
895604
727920
328583
217453
448504
244789
387803
79285
505705
885563
219733
303707
903711
943073
380772
506714
8455
137959
251198
481265
210028
521714
928889
243499
512808
582445
116746
672474
352358
218761
865241
482466
166930
82788
752509
792817
249568
914759
566105
170508
457590
983114
101778
333445
451639
827346
527276
134601
698541
356923
905216
533077
951314
363920
154588
962441
281979
519095
196151
539605
564962
280682
101839
340368
