400194
191289
669880
470238
878779
330798
950431
661382
886300
59748
280320
495563
448774
754111
280321
104762
347242
145128
642962
903737
15421
307042
853609
419045
261896
688747
183143
468170
624155
689291
690778
19902
645089
916412
785244
196826
913743
473269
380632
460950
464055
436053
431468
502720
510713
458089
353066
594841
376408
211354
475001
256076
799786
839094
221273
586188
435753
584345
374724
485257
338088
375479
859439
56910
552095
523593
339696
711162
676839
195474
93561
49049
45505
989133
756866
814878
831696
184437
477189
499263
546279
290352
379299
30125
440829
97433
147876
550063
224189
236649
48348
975898
253818
157825
732072
466543
17920
193686
309848
235793
937157
308729
782439
392161
155839
159938
164005
788536
382479
781144
712117
36480
838427
317920
480114
561391
689209
577088
280749
999713
771590
92111
544530
238994
698839
55131
898217
870581
572231
170453
905336
123507
939312
250589
258117
6851
849333
968870
973368
307874
885115
818630
885599
257840
902391
404381
643532
470247
866658
665759
520601
174776
513866
302975
979340
537731
292738
330425
224277
79027
388090
57340
283828
242805
233961
723315
777911
569939
992614
597167
160673
245809
773654
506995
582503
940962
328192
821467
30484
452008
389309
742185
424588
651782
130827
280173
865965
21188
916544
698577
457873
535679
284699
835262
959280
997034
394806
814959
154595
861989
517848
572240
695107
735992
444071
953042
61808
444652
102202
483022
475565
571590
852172
46291
169257
171169
248205
688398
801305
360487
547859
679189
376576
890475
137263
852688
488656
6438
455066
926660
845226
334989
845517
815165
526082
350411
338991
851736
523486
594208
988201
883370
171837
706453
547414
324561
586260
671963
951254
272341
475763
292288
63362
254841
542983
146125
50233
405924
270136
554686
393945
764327
49075
209566
407946
390251
215042
538879
256244
288504
721814
913811
510032
816932
730471
428715
60124
378006
757938
14345
269992
674166
526049
680611
521550
740019
342537
898807
199295
971568
554381
600197
375287
554764
40095
549230
695250
985932
699431
621287
73977
270311
379516
856602
408501
333486
30031
584601
846948
156439
587559
230015
155912
885925
547654
518693
249340
889973
144043
153150
240515
832934
279857
519248
389049
842534
606613
831439
500139
195862
701717
427288
183234
720409
628211
94407
183514
343870
375192
764021
761393
918855
962134
558545
12090
405782
884934
965530
605137
671219
906448
263990
969994
973116
859593
610098
841186
125738
241911
208279
587031
629435
754223
521445
369811
103746
53471
92591
561411
363207
26856
500178
561991
489180
504355
44243
969474
447421
809797
355156
833168
304675
712093
354291
583383
362021
504570
34560
317431
392651
442025
35032
690843
528177
418075
75810
338161
679573
347942
809958
662006
68093
525346
777541
628778
316487
786292
271833
396451
369615
281767
240618
241470
35830
877046
441609
55088
444629
884070
782221
557114
46335
689040
88359
841979
956843
52540
295268
684575
868358
150825
232832
476341
474964
868650
917025
786527
990335
583146
277111
638243
158974
63952
796205
954782
628515
504253
73420
829911
121345
322674
457645
888305
893623
156047
797657
537339
500382
360247
39359
610530
664139
848271
903376
625926
252545
451044
704123
81577
749878
268652
145472
407812
34752
132964
450611
892980
36636
450265
89232
921809
831451
883267
24821
389343
776810
450443
453440
237534
888444
351982
513221
438140
193878
109177
478316
883627
400758
471220
763430
632716
611617
217819
687306
21066
786696
313927
682128
938884
413974
414636
924264
423202
645017
986683
538104
707913
433226
177000
912561
259177
707515
250886
605964
512947
838620
447310
151079
492392
449257
420926
372342
821197
974580
122398
252199
669115
620490
111325
659222
815251
138437
377498
490858
454094
588718
433728
699594
377586
997516
637385
443968
960672
556941
685411
749096
810698
952592
486127
555284
729283
924301
239334
488448
751023
295074
608022
783532
116569
252603
993867
559516
569379
370588
610761
732264
939992
751182
283956
952064
857310
84644
571474
424128
257671
776232
403433
553196
964166
791271
700867
695176
300030
531478
933456
601623
335798
787936
633258
946478
371497
447309
195315
119667
832315
463120
586522
656055
345989
302125
431165
914670
682833
646405
231337
689351
46497
616255
209724
382892
993962
841173
412395
226584
11614
443256
798880
316175
303015
615585
124924
332863
363183
515702
485690
961777
234716
519060
975475
490860
854105
741951
806718
772454
693904
957732
562415
868584
891828
465350
940928
710077
910330
907661
676558
281174
595495
949544
786426
921213
759492
267098
42480
33780
42479
995240
105604
150698
466508
219166
58872
486233
849624
32441
894042
106751
438814
762036
553866
242294
105986
552050
311066
921778
666106
768004
621518
739351
554141
565912
403714
560245
739667
228863
580587
92833
424556
454809
991093
495153
42254
765343
616012
639635
367046
506957
772855
679370
687423
480938
663390
581830
674256
604597
467500
422624
300783
386222
968015
882927
27395
537534
148188
290889
667864
976068
284368
843482
217772
447612
743346
530714
324774
805838
290708
713710
459494
145393
121720
43229
507063
779258
189198
63917
506401
183301
744475
642906
533852
242238
95734
110898
649438
931597
507757
521808
966933
223068
884612
192434
747761
40518
856221
377401
607320
731165
498675
664318
913277
112280
619520
721228
577739
645335
454847
198333
436091
289813
479948
406644
516549
288233
776231
616756
974642
994617
754519
561755
580880
978235
529323
172671
533056
556649
754076
631972
3049
49921
813902
744406
918607
561526
305269
662505
972094
179446
908500
216267
291808
198297
513633
656195
65582
986595
935621
867272
959427
581878
913663
676672
414924
890391
637096
606036
90524
861723
603729
781996
942108
618989
699720
665804
150880
998655
16698
816010
305492
995659
329394
602667
617557
628933
330112
987802
55260
909663
698292
755396
914901
917176
270729
357011
16590
817954
212256
970052
555851
412686
256865
7463
345206
19031
431430
855091
160947
164391
492851
883331
154642
946250
203453
507505
719774
12493
719627
256269
742546
519186
198746
38267
999147
490099
21338
798758
461657
304145
912630
243493
821263
170232
613745
118632
51961
268016
847275
283742
306765
926691
784388
221543
493499
746982
689751
784689
723774
228070
345575
179889
766868
991216
485144
351232
278410
603740
361172
889040
415729
242199
317454
119689
135469
51596
699107
848708
925739
175
127452
326947
510386
373990
811536
56139
397715
23059
952359
40703
341947
399170
149817
276122
599207
122604
511124
88744
811574
674406
332893
307298
178650
832169
144141
682245
671784
51006
414109
668302
17040
760966
48637
876564
392806
884195
98941
229505
184606
837703
919503
49262
971607
130263
599267
150363
214990
897403
670258
861256
656371
730821
596951
549298
708312
891259
632471
383085
558470
965827
229377
216346
115946
603946
299249
319238
914029
813136
756270
161376
854369
26932
375411
19092
