932622
729376
468385
276455
379105
306122
268612
81330
28094
163577
665379
286690
754709
987612
377813
983191
87372
774439
404123
948942
730251
84688
600565
118072
517604
902195
967393
391525
425310
542422
232305
755423
113373
836614
656840
613332
232687
380768
158512
133611
406389
573356
595803
495863
498412
864867
382133
231497
354455
334545
257762
150495
300683
929237
701081
477307
841942
365574
607196
85711
923341
922480
246483
35540
848881
675964
982596
67834
831485
946861
569586
211194
116239
64839
753999
232327
418992
800266
152926
282082
906242
442908
686954
289101
625093
178948
836316
466775
316038
859282
557501
43286
861348
492189
218825
470195
237440
475493
420076
833119
322432
603286
88988
572196
621504
823406
468050
435158
477847
921397
463910
973544
524417
313835
216006
264859
4206
86592
420882
567312
317094
696381
385047
572479
677591
534336
900839
924608
488445
342436
790097
960647
914540
355839
747011
490093
136317
367557
327480
548393
805971
906825
261087
279261
987336
158564
461706
485773
415545
157998
568335
55338
197099
392809
302143
269580
852377
161662
164928
856511
484379
636319
43850
933492
960500
679691
366330
818265
374840
663984
836694
986563
618136
795882
200094
724806
331596
825834
507787
559847
449948
750898
622567
473193
78986
427708
64648
919107
474911
524474
459690
275315
43153
894201
323368
879980
696461
57375
903767
448747
505703
968595
571263
741416
511580
545915
680375
775271
906880
865504
443164
145581
260808
151023
134382
413648
884982
247769
596551
857000
98269
898265
985784
738338
302480
206485
703873
496499
806955
446686
369773
792552
46013
880594
127944
649628
250769
151137
889086
392196
169048
364588
354834
833508
693044
834569
868471
582436
502499
192035
508110
865725
402310
523967
465021
740366
771917
726617
196264
257803
229761
354925
518415
892564
894638
638865
708356
670884
354923
639743
472647
691232
266504
206321
197120
55311
522898
240613
771928
76841
763973
78976
373300
532424
112015
877263
695438
140283
957885
565928
529586
591226
975236
744943
788051
786931
919534
435188
947336
892355
171616
920058
54502
573184
299396
363283
17466
573043
230295
828006
260579
556771
400720
328467
737290
622604
756460
494317
437952
464687
721747
273318
644594
501891
996264
63881
208715
439625
618930
198688
276838
674365
334882
701173
929583
652008
437504
351926
993173
544978
398390
962353
695789
566485
490617
196991
628518
498637
166864
324670
899685
830316
563714
347255
869181
645482
7264
136414
494796
888793
852908
364407
599925
744470
676709
131797
219445
541724
743664
753853
406436
138866
227429
734634
597323
781509
265331
64106
120924
422992
266224
738662
385362
96311
836032
136383
968422
270260
673953
180691
653483
994984
99794
498654
598406
145299
490334
62653
491534
440287
241417
996622
463036
205463
643093
93556
464911
373493
927729
832119
884415
4376
728831
898504
29019
766100
267521
485025
262017
188388
464735
74315
229434
923514
848343
424825
703408
163511
697857
576146
518988
137782
720894
168588
434864
532163
519165
327796
466702
300266
894249
795274
465379
979561
767859
365640
308244
602759
384695
120131
714467
100158
258381
390187
548878
644947
514735
304109
764996
883591
49538
8759
988228
288870
952451
27867
744213
91516
945615
443725
671004
746535
949326
752967
391901
654472
341886
71756
24273
379539
375064
750408
445471
431174
678752
682390
698043
751479
946318
733020
352024
951685
63892
887889
732619
560496
860556
143455
855549
451589
611008
827620
628557
6130
955605
43410
525376
713656
620308
526069
97317
23741
716182
103124
860234
489729
636748
927473
370196
291433
966504
566892
849151
349815
548524
779652
979315
109275
301645
165052
494591
148514
426563
901468
596212
416781
247280
755918
785888
623613
671466
353577
860454
732233
861351
993228
134583
718898
50244
764832
545135
854254
55474
54527
85966
412832
345406
502067
671249
934121
253179
708694
871084
220888
453837
448793
914919
318205
357205
412705
705746
986267
573172
585932
685094
62075
560254
846482
803642
268829
934781
408838
488223
288074
490271
18938
214232
339397
238653
412738
220537
525856
123016
952850
98075
673642
753938
515841
708985
579078
779958
927406
127850
355479
647846
832321
974203
541847
301647
385739
738024
467527
541419
392775
163639
955200
169762
381954
764402
462057
472286
931094
918783
908418
437290
268562
680285
620124
605765
884662
255997
598251
35977
353241
379387
650868
54643
137581
199671
94560
972750
124059
707220
389811
381697
402760
770957
398166
382641
251257
401199
11344
463188
69715
647991
911635
648596
109115
551816
451763
449563
252380
514504
391217
353409
973319
237529
969270
800528
236660
78511
144795
542576
570022
363219
743013
750708
8877
924851
831118
809343
318597
309411
89918
705812
429148
444596
966425
322682
933745
411887
38769
846664
982360
904111
118108
585618
311386
461656
444449
715888
947257
440376
988364
412904
756240
778616
138273
849847
453593
376382
107181
401601
983945
696995
238840
806674
70998
684236
582486
478160
325464
446375
23837
648192
816269
308740
762352
360881
288503
26381
151610
627080
155040
750244
264439
924009
512766
855895
972908
662399
886449
795650
125623
44969
463784
255426
632129
645186
174628
668689
766671
788362
208341
863747
114168
598198
1440
750556
218161
787856
849218
273932
831236
428108
191758
707976
853727
946281
998290
389317
567561
494208
41560
161427
420655
877
436040
344917
412509
246039
931883
448025
640200
968925
291594
947608
564615
211166
699252
803403
12322
40421
864479
120167
403011
734768
387686
84791
682890
175643
427185
514325
881724
914350
459507
728517
517083
778816
54668
816750
73680
326981
512846
332342
160069
896699
515036
694713
593743
665710
194350
709605
983881
981923
922290
957941
135548
150503
147789
571207
634874
482164
283263
96988
394
615612
733797
667500
820413
206293
919127
724004
81887
976386
753265
834941
392137
77914
754032
198522
376532
260056
162866
621822
500008
570686
780639
352455
638898
885798
456935
509067
267379
413414
435041
805293
813557
871199
40083
85980
241114
379874
577039
244233
27661
489856
978426
206978
339353
298605
623912
971056
682584
530896
577955
777193
211523
403050
322635
146547
610985
152800
170455
438806
604539
881830
933945
473309
786948
362186
435232
820329
869685
10203
818199
915697
467806
885684
483275
436249
452473
526184
864041
10286
509217
999435
641638
116668
442720
4955
272024
194444
694245
880778
570241
628926
383892
326953
164973
16383
507384
84850
857393
256102
451284
321074
665299
954736
781207
546641
312520
804758
146861
124096
501208
485705
261938
351869
419358
771210
310145
744710
214699
570855
864171
625048
673483
486101
213060
290594
647583
900839
417495
530635
830505
206377
427513
636829
992487
690459
329339
122380
468054
394061
452729
252199
945495
940500
27919
992346
951791
705766
319083
76061
445993
473943
666430
411197
3158
365745
247117
787013
738101
33897
645156
658569
516973
851460
65193
