344050
460100
280626
610624
628882
914739
58001
515132
508879
261764
727509
341372
761851
550541
272121
959402
853885
264923
137110
84920
286090
224480
600045
736166
863619
997831
869651
556128
60715
686376
317625
107651
937540
601175
402903
276992
700933
230551
26805
179225
676153
281324
721878
414409
505270
275790
879361
194560
814777
106106
834029
677004
88795
473122
768840
564883
795122
479492
851364
389757
215303
239448
950847
648622
254127
170722
521645
441841
558408
225064
539300
363504
804626
376702
149988
653919
840743
95101
673921
343865
311256
955282
522766
163747
878246
465970
658920
544748
761370
493739
837852
304694
857537
803734
929590
300974
584648
596649
604135
529398
759023
253737
973265
612197
325549
260156
277619
733348
963873
554396
503212
164089
349872
947944
27245
76000
840575
921044
597440
63445
118350
841345
887343
296943
942319
932264
680530
61798
517219
414639
584761
220021
63696
623902
84914
403931
748256
77803
644343
30523
362104
203633
924599
899683
384979
230975
780159
23337
585979
378701
833989
596657
335588
956170
889489
332108
72293
165841
460872
820283
38483
286457
815255
32465
951484
954891
521336
14134
882813
902543
986404
202311
144065
874111
253525
44827
625366
620829
953847
11937
513197
50592
732395
673125
610926
837450
999350
386289
765366
565973
818188
600208
902766
184395
667957
198382
592649
631157
254490
436443
638681
475755
457199
258030
389839
869770
481532
632646
290381
847812
811337
892908
986666
377810
9701
57044
63041
3652
338003
667331
450550
712568
209298
651466
854343
745321
648392
603568
243658
253727
835146
425070
592137
357828
919882
716819
133174
304855
420446
499080
812108
193721
110569
617454
577605
811109
796840
216675
432818
660669
538075
78372
679226
522687
748941
67020
437745
529238
915586
890619
322324
733709
986621
596178
260511
582174
537579
878234
782859
741097
716463
106628
241767
166528
597963
171531
764946
169503
328231
428534
944211
473337
137666
763641
450261
501357
248306
634427
824706
578264
377113
628339
68410
351428
51174
748331
47088
397949
984773
111399
757793
36676
574053
22623
282034
19357
784099
964519
667494
286339
2136
749551
288441
67644
688380
511015
266907
780743
252533
310907
712780
912817
388096
806076
818960
490310
808890
594782
507280
65317
374540
741022
12173
11053
767985
244796
523585
404627
194278
282918
170516
782806
455469
75765
22392
103561
809853
269520
856609
591375
884425
965678
44388
164710
665195
198586
967211
820057
149229
878351
154643
59545
905076
599138
676258
707111
561418
246783
791208
388840
384838
583596
181681
96218
140186
487210
802915
78566
474745
327385
8123
136203
687139
164091
575518
860026
66190
121233
954463
605505
500595
283681
104524
974815
156658
493849
299829
632694
199522
1742
596026
889950
918009
597341
248720
86677
299669
424626
904528
218133
174821
284903
751419
249534
338486
702660
134030
708083
617246
153829
363774
46529
308799
764793
421073
771448
140600
343782
596761
17694
890926
46026
828109
220665
135218
624797
273733
931211
512079
472498
638418
96923
833843
720540
458679
942445
815160
316717
211272
572883
111437
607642
759198
710940
560965
186362
556597
271915
933244
425773
661474
985124
495522
37338
489779
988927
536101
126352
105573
145342
150079
359438
54844
765179
117913
422942
418883
478363
428570
8155
210592
385247
282001
542804
496019
998425
554555
831241
174155
418491
643697
92050
980837
352202
922097
549151
669314
489842
628935
86170
261571
794036
243991
310185
514148
802043
976266
545103
784434
524428
794259
94834
610922
868250
932381
12535
694768
697465
581011
803465
29800
328747
999307
182393
721717
796375
526672
614336
588044
134679
164746
572063
945588
895472
555660
582247
541148
194205
579514
709973
24088
512900
123861
880085
819962
621578
542885
890471
382473
507906
370882
748447
623585
145408
552318
422150
232230
651340
24434
119519
338790
142386
777444
749380
842571
595959
859538
641582
580857
108774
553757
103634
198858
111048
679573
43881
844323
502833
899549
343049
699571
303671
518971
435951
557384
134974
765886
933470
47565
551663
886028
497696
795812
529799
360455
345451
13212
792395
303644
719135
70287
236762
997672
454508
260571
704858
805894
203153
616571
916820
265017
917695
626881
746652
89203
176604
694194
97065
623168
797795
11390
223747
476370
591720
536218
717210
111017
182521
244988
787506
853855
522784
764402
285500
377229
134
755168
154753
672926
513906
302740
852727
571630
890542
621640
640758
297630
199306
246259
55236
984951
764282
803724
190796
448888
594010
612764
883566
598397
808402
921534
745456
491022
133909
25334
590737
654338
921731
836076
114174
695054
187759
135940
927390
476655
66426
995610
186184
211631
698654
959007
127700
699286
427719
682507
944271
914993
928219
756350
584200
532472
417627
250295
212935
105886
739233
333039
41181
842170
668233
493011
907607
497677
403117
230429
529292
119599
354760
202254
522902
788891
523132
674762
359389
812499
585070
180687
258255
999793
174415
462611
438316
137996
582902
786490
989693
212227
547305
242865
410148
278057
878907
312874
651343
820941
163471
568948
34054
258020
928506
29494
978148
121878
853447
763335
184867
983138
61524
435245
774096
9518
230553
991857
791581
778287
178953
504667
417365
677937
376720
15504
581418
290371
482877
554180
450026
709891
517626
225245
251472
425537
93622
119782
799351
734675
103395
292140
689066
742581
296923
406329
375126
632346
706782
122282
801313
890259
116662
846447
763027
470555
657915
759263
731250
648381
593459
851702
90669
190690
792465
956076
198766
148219
610782
879410
74706
601671
359925
768844
760501
631553
205480
408198
217190
103786
686849
627220
529466
463214
335010
832202
792124
871670
910478
793780
822850
791625
30336
554771
623131
913119
154937
995701
752548
117764
407448
715119
942970
989669
980321
205306
813385
961275
959392
915816
614659
536273
271398
244033
909165
861683
570610
919998
985171
574965
666732
878881
187804
973085
603850
342959
274552
566574
637525
638091
208757
357650
774918
176305
285233
283491
793994
368523
565738
319702
78437
650547
98609
147908
841202
883398
300797
381334
352329
804577
591004
867597
518009
279355
740101
181868
994420
377311
250248
360450
107402
603396
459686
993240
694094
424523
509693
536883
814229
222036
837340
604294
730908
39612
716021
655415
265801
977399
503408
861516
257162
636551
643932
276978
960026
145815
793472
299818
459490
343414
933968
278032
51900
159411
340603
367689
358802
608593
785697
974217
718053
587047
756514
577855
602154
889239
213714
115293
217614
453544
577672
128967
5659
796099
399190
71959
393651
280519
805650
684811
684664
382857
360147
878412
503886
543659
528056
827227
860536
83351
83362
668442
737951
444953
248385
238325
745521
496983
234380
798379
13222
880301
836746
236541
753182
185001
215950
425649
957479
670240
333504
537027
749786
498283
216341
355561
38180
42370
411552
401282
390882
501298
917186
816986
452518
