491086
971446
793158
48846
460057
96216
796562
802272
129299
447244
660963
396861
899541
232895
99301
9122
238934
222068
472817
149410
674670
365896
165092
324723
602374
400593
659035
636771
493151
827616
867340
930280
678523
47206
652740
799764
762859
36979
578361
303079
415990
35545
758731
407551
306659
403567
398940
528362
970340
706290
63368
645340
201055
287813
29315
526844
938266
42777
286030
852568
965633
396135
550102
834297
605975
323226
387369
760274
5687
738507
13461
148434
943302
170660
642271
361945
848568
975077
626525
485638
25787
385093
470513
83311
161731
908656
742050
775978
17203
707823
495640
298440
93349
741670
514612
27810
488470
959862
67530
478987
735345
311619
634940
710117
143414
976080
848372
477519
950599
268101
842941
953404
841679
146131
856894
863455
568463
854062
196245
890690
999495
494713
909772
538038
689853
230464
36347
964517
811885
334942
603002
555523
938573
687999
57472
571875
858875
184512
811933
858086
553669
848819
381200
395790
942805
374974
228934
132208
437815
925858
65776
968072
214920
785434
421823
639527
994878
62106
967487
410503
156878
28406
812557
945919
131070
500068
2358
212689
206727
696218
348590
655713
793638
664273
204586
329089
876351
197740
716634
135079
309102
443441
41030
483136
32812
635317
239684
602589
351451
283799
165332
927883
289455
274722
705624
314562
481656
162710
110258
892339
853839
171393
722812
747332
467933
174790
582623
711192
636291
676863
583440
552263
955817
984959
396077
585325
719911
584688
509040
523870
286473
312859
109453
285367
161858
370183
848558
690832
870001
513144
636297
925133
510664
496536
330714
537044
809247
767412
859394
161561
967124
799965
675260
780948
515996
459439
439928
628308
616491
51886
847446
537005
122108
291019
31168
308621
631037
998919
40996
459693
717850
750767
769357
188643
189029
604997
935645
174995
210015
35583
572393
975558
125286
192936
468721
749523
750650
800741
397498
896889
783917
663955
491402
360271
506983
110475
166335
10386
54739
579207
11405
853214
401002
935134
317394
733176
96602
687851
682008
72
188562
954316
565606
322148
68973
855046
140355
292935
237496
188678
109256
83552
323298
717762
288801
455303
510911
239038
4128
872970
186937
528491
971773
645222
885715
267562
82350
364625
40667
340718
47391
399156
789676
823487
100303
399478
171037
69210
235015
380084
274506
891957
775031
896716
492605
480673
304366
87769
90360
249737
306293
730617
401825
901527
158793
379593
11274
930870
117428
458866
821404
519154
23879
439261
808609
721083
894646
643010
713131
105352
838864
478
555235
958423
418393
516739
102449
719763
819525
835593
568389
84111
475220
738850
217153
692527
234181
867083
931587
647335
673976
233183
552722
495386
852131
720006
351396
626468
579248
924234
33737
491379
867954
935626
684792
206992
395203
699975
422900
37884
428923
966427
99803
503605
208847
270730
178827
248792
736899
52273
719281
474656
416269
216539
619760
74572
402888
646131
185898
119007
179665
867347
457453
299265
312322
58875
467581
1475
720841
985309
983418
856512
465956
328084
667118
856415
118843
605749
463093
544564
747353
377982
128841
91206
489417
791340
47593
328747
660297
51176
658086
132240
47533
25697
198282
449685
595667
167157
904869
391509
794431
424840
556789
368963
139411
173624
898225
32431
472108
578343
454450
533672
217947
356279
5887
482812
207998
254164
441203
557595
369019
397802
137421
446938
687832
372408
756756
326099
537722
759420
676709
871849
39865
155406
814171
42281
417372
819529
29337
635532
993654
149859
524790
231577
97372
604254
404550
118823
728641
595159
369345
348672
652337
107260
125587
657954
649254
970907
774719
145759
268682
863317
104752
672292
976522
494257
582366
507734
654931
402061
205977
860312
825516
842031
624758
7017
892336
766265
801939
849835
277926
214651
286984
831742
990271
916451
443371
847243
794347
992335
671360
705565
229976
841283
279292
116905
108680
39094
706804
196206
420109
917639
831143
266039
965284
642957
756196
86718
153836
253771
86105
523627
298817
358403
934330
934457
488826
266017
531850
796090
985595
978264
482185
466609
290615
597706
85435
964829
728261
645089
582160
715029
128990
746939
931381
542478
377009
160130
256822
786042
498979
387993
26638
224651
799590
104562
339853
479317
640053
814140
348068
838098
412905
933946
381136
431807
270011
27119
844449
918499
216151
471669
354086
969711
879065
241006
341111
689281
581734
958545
835167
821891
844778
458278
616867
682672
490473
422093
169075
700215
824196
399607
793261
833144
173515
150520
889288
329515
223545
150901
985059
949920
609680
422648
141418
125216
26386
980386
519330
867123
18521
949632
32211
966011
341011
503414
865999
854014
253598
329943
259106
600257
269948
777751
899096
134927
944243
825048
250341
688345
69188
76768
231797
23287
119621
590700
445841
246733
477277
259806
831722
466184
237916
997969
400582
845960
933301
688525
979204
737368
688089
193110
466253
310936
789488
93087
448345
941116
520630
925852
558107
701613
427825
581365
888715
923085
44170
611542
229198
263640
854671
729507
105411
879078
931332
775049
528684
439308
657954
372208
987639
198690
766445
504972
183016
645408
971637
771987
771814
375458
448425
921097
567135
433931
902738
613750
509336
92997
83380
604218
112852
162022
633724
262135
492512
170990
825573
987436
945913
715501
599726
154786
668315
194178
337136
388286
266280
718525
698846
668407
626865
17894
907486
719970
91811
301079
23742
905641
341841
580292
566932
890267
597529
984027
831927
976285
991862
741702
831508
629949
741986
167182
966893
649511
77414
387865
320244
615152
569471
924500
475136
498832
768558
264748
786154
378989
801181
441077
565063
888082
29673
441966
16961
429822
568720
990364
217556
420185
632376
368466
639650
64194
100058
743890
960052
914755
340745
265422
331086
182118
304163
170631
757742
661089
406163
71511
557089
151724
987776
391241
658689
845683
669141
740006
656910
454823
887982
727755
876392
526511
59868
986037
569894
474941
93013
806047
692823
380219
894139
577154
800659
600483
587399
181243
968892
760622
966738
525707
663702
754596
215808
558328
765120
344594
24329
612880
320847
786458
459109
226829
878534
112868
687379
651348
253683
864435
328135
546712
906280
532242
111790
277212
269333
159980
432927
90389
576703
102395
391263
253293
322527
976089
459729
609124
792409
348978
713464
805329
243415
480539
739946
104967
434306
735163
634516
696274
701149
711975
887652
237409
251646
125836
449943
308349
464809
842245
215583
424887
823498
275789
959856
785953
901583
469326
220263
523314
687072
160280
3543
339789
733884
58989
565554
766875
986737
603001
328401
810324
200695
883999
535904
105245
333994
541358
396777
850188
651427
305778
128635
23303
72306
254183
845751
598410
100217
469833
516342
664903
205992
528647
478298
195175
763536
552917
286192
26479
793126
200800
991743
533438
923671
529565
418608
452338
422338
315067
355865
511147
247383
455287
