137930
813876
410365
899661
691466
76105
246329
441399
435087
401930
31028
996681
102836
976410
555220
575077
328865
92829
776573
832998
502734
825963
428439
953180
479382
616544
903927
20916
522227
533136
393964
428087
649500
826200
61097
499817
189176
950544
684298
753617
107325
152220
346052
654105
185898
755938
884398
808907
103837
119381
914086
497723
245010
7984
258337
218564
837304
210687
855699
219434
189745
331607
321399
606303
408743
274214
596923
964513
580166
555301
409356
800064
412121
36138
600825
67709
798724
465113
350726
415374
369819
922555
385360
558719
265630
32999
428696
382194
550035
180636
713709
347591
899902
707697
134714
146903
325566
9059
265642
194265
651783
31182
996339
437607
779063
642231
318918
759323
740631
266118
907665
711955
742257
564305
285359
944085
259721
514258
99822
359179
516153
408955
964410
527791
470636
413152
28778
395394
436151
40659
817447
627381
723407
961678
506741
637227
117419
780104
858783
257622
452535
882794
60419
540542
835953
148571
938999
47904
179172
809016
273943
351347
672063
1439
162797
680710
536018
677482
819515
645765
758692
67258
728935
714586
318451
470441
254916
872815
8009
680353
225273
504466
100151
651019
57232
557170
239281
29407
493405
499014
856581
388826
52296
668301
456377
161358
426298
989104
284481
297939
38304
469187
308634
412059
661023
802922
499270
848931
798740
195480
101028
364102
4934
327987
340779
920236
998763
2452
2435
75103
386067
850218
810176
94590
503925
588541
834812
809866
759829
848336
849679
467933
299022
132705
688173
370427
892609
65738
221277
357953
445594
382345
494354
80570
225404
626141
704808
842321
189129
818439
668988
886752
888591
831664
520616
501799
116946
747753
45658
857944
372082
267468
990735
700174
261305
849730
188081
931486
439107
711135
709707
108422
146314
999783
539813
816131
273166
649716
562689
929854
986781
468207
108912
105510
75396
819003
274321
654169
214354
632562
971175
871675
692165
855175
876054
586345
29972
767691
78266
426632
597656
850955
143013
599671
773656
795862
826163
904099
349871
963100
804746
838200
315292
847153
443955
772405
540966
251249
576784
940184
370538
536062
131449
127417
991939
256229
934519
586099
601620
623967
410652
617852
209909
648243
777149
820630
370487
556281
139086
255070
241750
955449
910232
629570
223034
831601
323545
64272
901802
165301
648760
854377
53966
651505
336867
772884
192350
656458
901447
619887
132909
655331
912683
98496
802444
27132
540010
623017
266140
420340
754507
106234
921908
127727
958142
162785
168170
886418
809398
278460
883394
810987
845277
287055
41649
595054
28473
410833
111948
352730
808025
756513
321426
790139
974907
682902
542866
759304
583102
461171
580731
594988
617726
972985
818558
381090
445521
965015
672674
309945
512541
677309
159204
317367
321044
378638
125192
583066
211534
43380
193728
97081
452929
639117
739064
995914
761887
173891
491772
563837
139853
567417
212103
463493
175995
119521
367081
15734
916708
745578
316115
86985
920804
483287
356418
21309
102321
222571
654022
620184
44279
635136
961582
283852
301076
587640
565394
942388
319085
504650
186749
550909
955627
461374
210741
92194
449750
551860
809767
894607
79948
424413
680244
346407
462365
250253
781010
232865
725318
230953
206688
662093
568905
69691
955083
878261
642533
407012
338966
787230
384823
840241
71305
358766
24365
280326
990136
262695
117027
824182
312110
121361
218588
220853
920759
877750
694366
418085
825927
211975
26346
446860
844618
952604
646806
45031
8329
573529
237065
806423
788470
342636
132819
537146
641364
372914
831526
672469
604997
287673
476789
138669
228657
563040
958824
289781
35152
899611
391097
857889
33173
98323
367662
225049
814072
302698
937971
493129
425374
722140
513171
138773
387494
815553
619795
29738
83858
769391
34475
733232
283152
384828
588962
840411
685413
788897
430149
516193
561525
690810
44675
338950
453489
52521
949672
153682
765149
445787
182708
487524
48764
77410
350872
104033
185371
412418
294476
607493
51128
705671
936591
700697
410829
350803
907836
754885
991676
304886
298694
660925
489816
636854
428816
698839
529101
317742
787756
213629
196974
433042
396717
962494
642905
211088
91946
969023
328905
582930
80850
602766
378360
237536
78695
726807
582319
695139
765145
756975
106795
851460
546112
344654
283886
73779
509684
418906
855839
41732
997452
662430
674654
104947
950258
149145
268648
773960
813792
587571
343844
30230
490105
534730
551304
867229
656902
662379
292331
237711
222603
927837
99879
866224
415685
350359
952490
481878
387139
223057
50074
953872
940510
286647
272418
602915
142423
692282
874590
530607
896139
420737
74527
7281
921301
500350
51611
948386
345216
146843
790836
617148
512487
198034
664419
591644
325996
633244
198401
640322
713873
827201
266098
351670
613878
633614
501102
793606
45039
33253
10413
40938
236929
69998
383279
732488
958010
201387
419749
591442
42666
162730
129663
615565
429441
709331
527763
798573
951815
296289
263590
861
981426
548462
949147
491354
350503
840486
749238
511295
776272
957214
658827
213979
826454
97917
155143
640574
304635
636696
810010
425811
221399
345820
371584
525095
892078
728164
46315
671176
17834
240555
270799
506056
316793
130459
886025
608033
410245
926340
273901
65778
207372
890024
673194
122920
872541
910835
349788
818104
235054
914184
132270
960648
421340
309110
442090
912493
743231
565193
113823
758607
579753
199357
712110
724713
793084
395662
197041
19821
202725
518058
770567
986564
582777
424968
366464
45235
414826
445394
489570
627097
262694
277118
751254
286037
411212
173371
660018
262020
948939
242758
673636
767976
501849
578011
81079
431844
636301
146505
305413
377891
498394
621022
910970
647065
958889
533698
222144
731362
941010
498848
645708
225862
708470
217407
288901
758302
594235
595183
394508
500048
970661
619358
772972
678773
454606
579338
972000
342300
848066
344529
913403
804264
304249
438052
459960
157780
72561
490650
854686
545623
943144
732385
376975
598050
39219
770511
951534
607495
47486
132374
917163
143219
921761
647574
24941
313052
174235
651085
486235
968822
887981
570985
694278
789982
113301
618686
909430
41370
159077
514387
797583
253944
24960
834583
166495
478930
620337
995441
927431
594419
256872
492469
962308
550356
28050
285234
612570
292479
725908
735464
942172
666453
771939
863575
801690
111851
916803
458610
174887
209422
585369
220531
802501
200167
465583
456008
843760
469754
722565
570987
440004
459016
485774
602191
286219
896021
807182
892854
929511
869380
898061
873311
572120
507038
99256
89373
865963
280625
73877
791043
325440
204757
916385
595388
482486
580106
752521
238519
955701
304061
910273
60671
191511
32745
904707
625384
614324
862298
617511
800677
919368
144654
214875
61303
392003
667124
77504
922816
389550
105878
427554
148406
311029
327186
411153
944691
204565
653251
152800
132072
541218
531008
232954
293938
593205
527866
805596
801989
554674
372361
