139454
801149
678940
648087
330576
462759
192469
429301
689498
681402
729313
122617
876942
374984
399924
417690
887734
594956
110151
49900
395888
568603
694492
620451
115338
811257
504816
768886
231542
509703
677565
276383
23850
899354
925865
795134
309463
947432
940238
692893
668355
955868
189351
80079
900613
827529
460755
569585
842013
339898
640137
69522
219757
117031
535513
912687
883352
538245
731739
838935
200694
306293
905718
12589
73329
447772
168078
736844
620159
176530
905227
446341
979324
246067
611651
519363
446498
878804
462403
565584
331816
66256
249727
660848
239989
625216
168275
463851
341376
702664
56053
389801
610118
33934
748474
71541
975142
247814
481089
948068
68892
329065
140416
206671
416856
116804
869417
591291
108346
868141
162424
238554
464237
839376
472412
822442
883613
912551
168511
389820
901590
27976
509620
780687
878907
503576
123388
203355
667423
948189
426549
510441
451715
476402
82976
512223
708333
389459
330637
905306
515617
103896
42021
933364
811134
743999
366612
334693
882808
85858
295377
291333
113134
814983
78347
55727
692136
243862
971954
994882
806830
80805
694751
71233
560007
730415
102560
432922
117325
842276
949540
345156
66025
507546
402495
752001
110577
521313
118491
444803
667803
235764
933372
955563
293468
944650
264302
445356
660385
911180
531085
200270
233897
119970
590321
722639
719805
956263
243060
767780
443853
853051
320033
240477
81769
898102
54458
888678
58904
838585
267686
375849
262617
470497
245813
485009
271027
47061
29778
774378
535483
47423
911684
97828
948962
45080
462688
608758
803000
980891
834255
736864
523201
46171
426040
283272
516786
985712
799497
862150
98761
260237
552487
950779
72646
767277
520048
791772
39497
160108
407273
675149
201033
581362
46217
451496
340526
442954
757729
969372
386828
202641
296934
713330
990909
431113
968285
251243
571354
70989
733537
772614
461270
753375
149012
7774
724151
808285
126112
748079
39729
587027
876969
772857
473888
808553
459729
564029
185825
630013
203495
845988
901582
376460
432365
998975
29973
414473
937028
861545
374069
355408
597366
488521
589716
509236
726048
381492
566655
601524
667130
858799
935038
210957
89988
708626
7443
918633
958927
483847
289359
346805
747942
871858
926610
702096
192663
188907
449629
368863
565025
562214
87509
55549
432507
890676
882775
331792
312127
773794
488882
20855
226802
302783
366981
622815
162928
585660
227894
615605
562936
787243
860940
406965
179794
528042
376426
571553
517273
965273
262697
689806
337129
454022
597649
579352
545893
562602
237491
113334
945573
641293
717733
679976
939451
496196
753563
59021
932641
318619
372318
252817
417536
30605
113452
983939
468703
130608
900525
201284
330214
127278
12749
115163
569422
568237
528826
473510
518248
440080
460860
138859
783942
357911
963499
176525
526346
377506
616978
185242
847689
791571
337695
159041
885659
647184
18371
270369
239489
283880
238700
309180
309108
919437
665244
343242
724870
274815
489638
14634
135735
939658
95621
379316
734807
655909
162585
866345
638226
377980
986495
755404
623837
984584
853771
766666
686780
677401
862757
357012
449325
934005
175613
839821
978484
694235
215788
815327
814852
660960
546281
22504
848967
693499
820324
548242
323914
629340
886594
680833
229512
15734
650998
600357
183378
425246
564984
159919
728920
394635
382245
484320
878870
535741
548979
538300
156637
807611
895055
666078
373692
974709
926805
251685
638924
50631
41579
212684
953877
499614
996091
670680
804128
273397
682891
910058
874842
674233
952570
810740
375074
699147
277273
833672
564720
721443
242531
703116
14177
365202
541787
452810
166243
457120
18241
717796
991993
249939
995184
667492
302123
656081
895319
690802
562190
435805
229905
976223
329387
906877
100324
152925
16719
505596
239891
51025
725679
181388
298016
336705
67893
717763
605154
601704
403051
337606
947454
824169
118403
974019
908613
412960
854656
262488
515242
99091
869253
325777
61918
130375
761080
757710
915018
572847
499987
865987
363816
466816
630343
882778
659135
278816
949836
774643
380601
567484
303050
217867
200162
619384
959645
960314
384959
232322
382857
171158
930249
661760
404410
32630
902021
593319
838454
228305
608705
558573
957025
988100
163181
630038
827692
696306
191123
901035
399132
164549
162484
611914
967602
618963
594753
822486
275772
444061
619314
36110
588792
468465
768583
537915
885664
489711
28953
232579
483607
661864
602972
232860
875566
636514
810996
251162
482515
263288
142960
718760
29014
50846
891815
41045
700185
851587
908718
848262
168852
822031
516467
757322
209923
262603
60217
470731
990508
479264
147440
485983
209872
75448
276848
724414
671790
396417
633490
648526
426670
172240
754411
146075
545521
892258
106342
799650
735538
533117
827197
829132
620889
599029
608340
980728
874076
168074
591026
443377
435538
584431
46236
389439
968790
362725
103952
308569
468692
705542
275099
799800
380595
88606
305687
520902
479775
923508
771269
204277
218226
107750
511426
957229
886142
842610
225577
172061
832057
483409
628998
156019
251270
52221
975026
123686
19292
854356
84240
804464
763285
396053
570274
864218
956053
579463
377353
403887
19093
417848
124887
484434
270539
333539
136466
855788
577784
247595
697800
575933
826061
581956
509578
934868
666939
538225
390790
697946
273494
396071
728517
486920
44581
422801
635005
277176
731016
793261
422036
598489
318982
283987
274034
331581
695347
288854
819905
787085
478138
545283
644484
779036
97357
446854
821969
913240
190502
860397
873964
767005
181048
71812
592258
476835
587831
101534
148799
315608
105793
30773
193548
412105
848551
961257
320808
66937
800988
960228
683362
955092
10553
940703
294512
425725
366251
829
840112
710084
847674
569173
832312
970739
541046
640781
9371
842503
781312
566177
438139
268412
780338
105667
422406
703810
896684
583773
271823
457355
893820
218802
788617
546566
565673
574434
576226
566182
918620
96524
70970
929563
583468
43022
603518
374370
950597
5096
957029
114040
80308
252414
70535
110378
45521
916412
348757
624072
366344
410132
413305
378935
343750
476258
657483
383206
456638
398001
490860
706009
246485
138135
465731
961889
790064
334907
83858
561964
631895
940407
924212
926968
624454
534936
413557
617635
81104
134850
469006
690143
925873
620209
50491
128705
833774
663962
182651
894008
114219
557488
870948
972058
827849
76162
879136
252378
546233
191361
919112
248918
346914
373472
493083
242445
351467
423700
671770
666478
198501
844475
172548
488011
899352
893849
196521
355117
698857
924285
638637
567873
459940
321538
487516
365231
329772
837233
675364
969867
532156
724356
705203
998628
272345
759173
538542
114874
708822
897493
790538
908302
959427
328073
657611
259089
866804
676783
560215
479998
448809
108782
600054
340867
715359
870411
960489
391130
532466
774216
967588
881719
492269
255783
136617
621658
413104
298828
460737
487108
156157
910976
452186
660614
337439
968594
639096
564404
265079
457368
