548761
510393
347812
504915
829162
431044
578638
662128
985183
65120
225679
35051
134899
791714
20671
331086
360764
482875
492443
512663
584809
49390
938577
326456
906332
559707
722667
135864
335518
931641
51413
83383
536579
792802
210637
402318
783323
42504
806
274133
943762
746181
727992
370110
358437
249937
410919
840094
600257
105549
896975
718988
757114
256700
297865
649954
376228
560209
485789
251937
829714
965218
269572
56945
149097
902588
706456
240453
993631
131473
878362
625821
832790
123149
894751
374629
49359
662022
664857
986875
497484
232466
516542
932942
363399
213618
569047
306465
299272
663595
836135
809583
610535
20981
391222
65705
427166
246861
493817
275675
932618
943525
698399
421868
993982
251772
847034
235076
746948
703112
180296
719624
439665
536846
802526
90177
125220
397460
904176
941530
659867
411823
788095
85768
102769
278518
429087
812292
228408
933335
732388
796980
498415
645511
263593
198440
710112
325909
58428
394239
326809
811032
630441
460522
795524
339335
492066
722824
481830
85415
208520
458225
156464
240735
454360
357326
796293
927143
825333
596389
803529
738207
974925
246707
308130
794044
722539
270066
604111
630365
711897
654842
326369
206204
5808
426436
845017
621951
779646
993097
5024
201710
991378
564105
428253
500480
251238
713511
847095
265870
177130
293169
995111
470825
468713
988030
124024
284231
229018
377520
452382
515288
479877
267290
515056
219703
200720
282299
71620
819196
540134
630119
530278
483246
43779
471814
116020
852053
757854
468854
310233
818926
672050
502604
545956
921016
288171
911992
703364
134956
4714
876614
735906
748425
476341
455937
27
17229
958526
640050
82265
69631
417422
675334
418957
803625
481742
691405
597131
879908
225778
623839
910081
979723
393346
611481
644373
490642
393287
305797
199323
950639
416398
471384
540144
692726
181147
864084
707382
663938
328686
635534
20652
179215
226155
327370
693416
11877
583720
9026
907508
80687
807960
344133
828035
637674
851406
26300
480910
218489
551921
11593
887440
990613
391163
422792
872602
25313
20013
535607
366227
166939
802707
318258
477392
12399
924719
366551
211980
896870
91717
877448
370436
904507
470786
232910
543858
784398
352394
351579
107427
325874
155229
682984
188407
464033
558693
138301
714741
798159
949470
233551
770120
178779
223586
504643
926234
242146
999440
293329
520588
633710
692120
640131
961423
433996
141798
811037
858018
586427
44009
706327
823976
671936
380607
77318
303845
563223
149823
367769
426133
327556
664738
779006
672169
391175
145166
476836
206175
331501
99905
562716
646204
872195
574679
167129
379881
436006
958775
19286
673320
149878
961952
953238
253553
147881
796812
831239
664749
75387
425918
812928
562830
621507
812589
857769
892105
909857
161229
243130
46001
4884
823862
434524
795825
307240
524019
324523
307814
567436
303530
379357
219159
908226
589987
647804
559122
660783
702134
722959
189156
798162
126165
245079
433524
635921
827124
716469
89724
417775
553681
62185
20261
369178
335011
83125
833727
342305
801891
790303
375322
84547
2481
529750
969667
963683
486117
867436
348510
990935
617331
97666
574493
17183
896634
585409
37210
905202
803241
391876
168535
286708
361422
12499
129423
139013
293885
643147
697016
365619
849369
154713
894872
444751
213826
165733
357313
502621
422363
727819
139819
558885
864438
1668
111724
271142
573727
460835
804054
165162
960322
764284
443885
542645
480889
407455
811459
446423
359990
129154
622130
988577
845194
79612
687926
222580
997839
641582
442021
99189
74296
262908
580107
360348
718579
224953
952422
244268
645624
336929
234107
317629
659954
725823
408595
648757
991046
124783
61269
140245
654212
258558
793281
413295
214889
95149
262086
238262
24718
656789
81409
609325
740529
90276
642836
130946
809183
470725
348574
429940
953658
446494
790172
805614
464812
140147
714012
207544
91817
428776
530585
898819
341530
632163
285496
344098
767083
390032
80606
967768
710834
891966
801836
436620
644666
374694
258456
162457
94188
884300
476137
790914
88025
909695
688526
428291
849703
917050
846684
127746
641517
88547
636196
592236
850645
978667
962748
9540
886279
117008
296287
165488
408589
588791
68435
169095
544359
694828
447014
952848
290739
100506
837850
88841
649831
427430
984766
888340
845754
438696
383384
27711
274146
526278
336126
565358
955961
668079
414915
928871
791225
534769
971407
729594
482086
247288
173192
253003
403467
17956
923756
400573
177372
923845
737153
743421
951610
827958
455779
43240
543126
789971
48252
848090
39853
238488
663187
999508
874097
244055
974843
949961
237768
717525
367019
906629
551597
943234
745902
205883
382965
335252
86129
4137
548588
159871
640890
705258
429534
230867
883384
62168
807729
573297
308085
844571
326895
787435
387239
211475
568290
68088
655846
555294
696216
326224
77753
140230
315654
569514
134985
685258
253065
406544
560823
853511
427399
437659
758601
372739
860788
591313
403007
363223
859889
136855
650052
516598
586062
287316
297600
571422
775344
319973
400906
306009
278158
739510
693307
762032
231957
423875
182750
89901
973932
266540
243587
685004
131154
867502
520371
327934
304355
925828
973501
75545
118393
120281
677103
133279
80046
442088
217953
680168
485120
155890
882603
268143
844622
553755
919670
106295
842943
711522
312560
51864
557186
665979
824921
675498
906607
304971
481786
665932
372044
140799
128758
601362
379564
151882
66937
409929
678067
469113
158157
245095
905012
739380
366795
160724
38971
917267
494702
278415
374630
228698
598851
23871
385710
942483
258173
806231
241027
522310
934629
15076
687638
467928
558126
702838
951216
212222
606758
699944
881599
741660
17737
305294
683954
181374
22128
974459
124089
473201
319782
770092
259375
99903
881947
703893
224148
677382
297394
864965
950899
414516
128629
153400
726882
608226
708392
273785
803432
275081
889019
476530
993465
153701
360857
606290
752220
255012
973149
894041
260653
620299
418532
113923
866495
499878
349373
784014
687705
527530
879485
664874
561121
629097
813424
577597
231127
868528
83753
538064
27064
483968
599291
846105
34371
367080
841088
324005
289943
52219
217494
76578
909819
800563
627946
737478
640440
978274
612908
471072
754465
32401
608802
738297
396403
779575
228057
570086
550871
777623
214517
481901
407172
671415
432426
384274
122945
264632
664963
36413
762376
29527
803040
217289
4038
268287
665661
118443
577663
350856
252140
717117
317775
792400
569701
861670
544907
533620
90548
604136
399430
538284
291088
163846
820528
413825
731660
938064
348504
671211
221671
848204
247378
315787
869118
102147
497011
755201
380576
590181
398457
546219
500930
901530
396616
106107
692489
22630
403279
801268
969605
25079
249097
860801
884926
291342
649952
298290
10726
299784
427435
797011
202477
893960
247896
958187
882292
398723
747173
649678
248793
735784
286408
149855
720497
608490
189807
815206
578132
87467
224738
863178
590993
324294
588356
436203
