277800
214439
702666
718349
165672
270156
254003
598540
821811
999557
611141
587139
543349
931076
437160
164503
478296
342885
606710
683510
661713
293171
590415
291750
865222
955587
273562
199863
433947
885758
262360
147927
88344
644349
239078
632900
144504
219085
408399
655388
41553
814161
996235
441744
59419
97287
443289
289527
355806
26723
683892
298175
30524
15511
259637
602558
167064
725108
204484
981670
776738
572010
937660
967575
381569
682987
512411
791823
456219
494126
33826
47228
268868
65936
634319
165938
976256
392532
192309
126008
623671
380683
407925
161853
529396
502095
564699
64808
105689
961257
859543
244237
998371
70419
690390
5179
378838
446679
890428
486258
31941
336022
58560
10098
680384
815524
408229
803886
512858
673937
96849
545376
260629
555715
787212
581750
587052
962814
753110
695530
809853
403014
514020
471343
453202
175836
325561
936071
211467
112803
770206
108657
626025
633574
26686
145664
146809
126131
196576
876295
920155
166623
605441
196913
97006
661549
668173
149933
615258
961994
107514
511046
879097
374959
720065
515664
503138
669225
3194
423486
423572
621365
41556
559057
816572
697093
443054
817451
79331
210143
506132
993026
142839
589477
182233
325680
838132
625583
593805
27430
750639
938196
39067
620737
999423
240072
586370
437749
529224
83935
538734
884453
111589
283248
779634
391509
280306
960020
439524
566903
344691
41806
412566
641313
194468
964677
589036
241952
431837
436908
507615
323046
323554
490434
791245
662494
596677
254901
171706
809761
69560
222882
876711
98240
344179
324407
457613
344385
952830
415994
46454
650856
63068
504802
296633
989546
497108
343395
276944
151303
848861
877063
685015
276016
501477
434232
652515
616035
145534
412314
93885
709464
185125
750229
963130
111763
767857
689584
806776
127194
77717
565849
138295
566145
376529
783873
888721
605025
672635
182564
400407
505383
240038
897574
764810
533384
208492
75033
844851
88722
483486
301083
350688
309790
402884
83037
692987
602018
656530
912766
360200
107619
493802
583701
827834
81159
133000
644174
141555
219976
494799
637803
973591
811461
891949
869740
302476
133107
735661
669706
888400
462896
100569
724124
290806
609592
821385
808349
903678
888304
466892
698117
480336
607904
360370
960275
207509
319934
606197
921964
345842
476965
325634
605533
230946
348197
722855
481213
260015
229043
627482
719854
125645
999361
793827
46146
731347
243625
506215
883897
829079
48642
903123
502249
102884
330389
316769
848951
637466
320490
418506
1153
106787
657147
130888
485022
64654
954634
995335
988477
435849
939918
710183
871466
368895
704265
519536
201839
774412
531829
884435
429655
115865
71516
971097
474125
128089
745223
171115
536228
995167
292878
794172
952112
628953
518734
398039
467601
633581
209081
536512
632464
60206
874760
396106
162721
478331
799307
93813
433480
384692
960672
396161
786649
914970
111810
607315
814551
750338
58169
899523
869630
824566
155247
335552
623645
698473
438435
313185
767834
147220
583095
240392
959129
134321
913123
744373
427192
677843
471692
803557
689073
986272
34607
792292
617571
339053
461943
682870
944234
82356
853167
559966
973546
479540
835026
613321
11691
137125
695805
258778
996318
788439
83461
45075
303166
33254
596389
183196
947090
866844
514832
702259
266255
853155
428773
591281
791002
93221
398273
647541
607786
364866
86062
869487
987916
265005
880824
861515
417664
372004
740448
955767
88897
164042
869290
192083
529506
787106
257489
472117
360020
120810
445019
332501
665796
166162
158983
116636
823777
20823
775394
614340
433467
176513
818488
408619
931335
474165
388520
937466
14335
509751
405905
188204
664934
155776
291688
960574
36073
207608
310764
907634
332129
573329
508848
198719
527350
667328
503895
922392
656029
338840
175583
437015
232641
425476
433748
358342
103360
390752
558180
451978
168652
42741
622739
426989
621874
135631
941253
716358
661495
209469
247544
285127
321246
134053
3093
601251
487367
627841
780955
86746
886257
108474
675323
875170
853088
792287
494723
478707
192986
801858
212338
582640
106699
896303
725482
101485
995336
581578
150851
370401
657840
231812
242811
940649
720879
71801
681548
704310
504796
348074
685206
926357
437186
526162
68860
588825
772028
405287
952971
423783
991738
893998
526868
24670
950048
885883
644314
901089
735373
541252
440807
184834
535609
697761
82041
261580
192311
335459
310810
612397
592602
454798
703885
644222
518132
31540
454116
416817
177593
614447
196079
978134
100355
241530
428878
821130
512495
835372
625192
44796
584740
626899
1140
53853
620916
894249
182772
146340
246746
903541
960194
33467
500707
795905
192003
881865
247082
555956
563064
321117
920828
834315
478899
145972
403610
498424
534246
650791
468188
72663
998231
646132
4146
276489
18095
517670
484934
373615
256498
965668
917437
642629
826122
885140
451933
34200
654524
688746
954825
718757
487164
196753
792615
485328
415067
416564
473314
411326
490526
962665
280139
749903
860075
111482
617754
931643
135837
800402
471059
840840
777846
956609
427140
390693
274292
749292
149482
969511
911548
363284
985268
582365
310771
831297
318303
684113
630380
209354
288512
921502
23035
764420
114592
344745
353576
568389
156609
710653
213375
130068
159743
464455
94085
118062
847442
65642
96197
73463
451888
461760
731720
809212
86607
871471
459746
729953
746440
384995
894697
815468
818455
522669
902657
577580
352255
149816
345107
294535
151243
834787
634908
17119
931054
869312
629345
120801
106252
737129
238145
155242
803154
82362
217827
149077
357183
914542
990733
57509
202374
688729
833942
904460
955468
871231
420596
112022
118092
910480
699183
242101
827866
549697
627959
298729
399493
873160
925392
555532
216085
50612
457195
618743
715891
882918
144273
885780
527464
206064
177400
994946
388798
896776
218744
854494
376003
5224
13783
721716
55147
320006
950720
79170
433621
414571
938707
239717
110054
905075
711702
908003
236050
934816
351496
510548
689529
990362
177558
419373
313069
18119
422887
212906
516562
954819
284114
837080
137119
364732
233711
769084
920705
342893
25547
228387
732702
20981
580533
301128
943030
749459
844789
192283
905574
628737
735773
789620
116103
639529
368759
497428
940403
985544
83677
210771
815143
190878
625768
372396
717508
970063
964032
581281
8240
297498
38419
37132
898841
465011
972449
481796
812762
520958
760499
311080
142646
155562
38379
731019
39361
646632
176183
987964
906845
707719
37920
321648
757026
540782
192895
671886
924759
852341
14286
249687
940765
766816
361308
846833
644076
994360
85338
942030
140532
317768
664723
270461
82981
919921
527161
978317
417802
320170
178266
749466
299088
487448
681522
1205
279973
551878
275801
771572
50940
609153
249821
374163
740908
301267
998122
742853
162104
696154
43494
36763
72362
138564
982361
409040
565464
431913
7818
26158
437256
780036
832997
208993
411440
308495
766807
494999
337686
292347
590012
165200
541590
794377
326768
