282583
252632
450187
180872
634509
102161
647701
269938
611460
50861
377575
197524
110960
906688
263183
515605
877257
273997
972341
507517
846783
287310
139420
768653
776522
224161
668423
475641
483167
984271
192056
998787
389182
108793
255636
73141
687144
568417
36514
257403
782127
514130
398066
499931
627237
376685
323866
924753
91382
35410
941212
337867
439250
419495
638051
293757
915650
139080
251628
453602
466524
898827
246402
618449
675410
862574
939681
163256
192164
13152
467388
292599
300086
706536
507610
744155
731900
894006
162075
859381
605329
206213
858521
499670
819751
975529
836330
753962
171737
477434
197121
891951
583773
894237
346740
99216
204565
765996
16664
335970
363332
924673
953992
713466
514077
609892
199301
972776
49399
164750
900215
479765
910686
199066
922386
645429
699331
475015
4692
695720
598163
935340
551786
885299
10917
457465
138866
501461
102220
935461
491676
979209
81036
177273
686314
322008
269162
76217
499542
977687
415836
89834
223186
409284
805216
921733
279082
961081
79913
465462
728134
437835
951091
69009
335435
144258
638200
513746
857826
371700
236155
182863
373392
651392
969985
593212
654084
39012
140447
952475
68784
602812
887599
879870
627791
104792
871004
643386
658756
102840
691741
569130
568611
538278
815231
768797
593161
590896
368794
209629
510437
915585
287909
741533
737306
785180
213606
684414
71037
491060
239170
408254
222713
776874
732850
232701
941138
205731
25814
339245
916102
812421
783715
482390
719311
580559
878521
486980
853510
489747
75024
662286
485153
216784
572240
694275
146589
38640
304831
21362
309111
624474
71316
462934
713812
18037
918763
478940
620928
185595
144210
797523
537939
214133
557504
473199
523440
341592
875557
405114
152551
921596
248285
162200
109050
530997
797246
681781
492541
780944
984528
134541
469974
153452
321436
715799
917028
570482
614301
888271
742972
465778
908500
590239
284687
84699
340087
765673
697447
213719
196297
740659
332944
341889
692037
342128
50387
913284
605108
796775
578206
643729
83614
526722
531903
584188
336157
693877
259471
431092
254156
812937
32236
864477
860255
166084
347806
543308
269261
37239
287963
524574
581735
542244
974309
318389
326732
988745
766417
698512
504437
856654
317796
239686
134572
832262
199382
105887
983834
500837
54200
655247
422013
122815
384881
89744
747064
447417
346788
779803
881092
286542
300461
176514
582981
689600
147659
451565
201335
696665
731352
86191
550535
763740
613874
463172
723134
570893
229950
508713
115800
149018
545347
970968
458483
477669
982897
338655
939043
680111
38341
333916
726690
683106
159748
85783
558245
316730
186660
23292
67721
968914
644170
643827
515372
309447
268590
892638
871001
401355
431068
66734
18203
963592
488147
188515
339314
211118
448784
685918
271396
852955
963237
183716
276458
434918
809474
490289
982283
857992
864725
213814
612615
159784
645518
12786
223721
131458
187131
422248
929791
133043
814099
284290
465446
800675
227726
951042
794623
215311
945649
480481
407678
239090
576424
515910
402721
670479
676171
155236
646589
262686
588931
661488
219699
445904
736454
885502
895362
853185
66173
282743
538743
172090
771143
705465
698815
435679
992663
698955
182045
470011
62649
949819
981942
186854
929266
887127
215241
109841
657860
702084
851901
21870
967056
525374
520083
25214
886166
316012
718843
186936
825496
422303
740802
241811
376286
168743
555752
634801
170962
557074
84560
474280
900555
943042
555920
771053
351399
903530
860648
913631
42577
547941
942416
108974
907810
825202
891178
507686
825187
171024
333207
572188
655409
825714
966246
988531
356857
895840
458918
364043
669987
370090
629532
289863
589836
816265
642512
471610
619307
356819
674754
451886
65941
451930
734202
150864
61467
447715
227581
403131
913105
561470
57627
228511
676522
579079
370917
476238
91007
803703
654013
812195
389614
791655
695942
552591
459807
522211
27962
581825
288034
460327
11353
989233
718772
24825
899775
447306
826401
332258
209423
251698
822595
767434
127115
874423
698984
421871
362118
919447
275281
905410
307376
485932
746647
809182
195664
193586
640297
162213
323857
996855
731632
345273
129587
838942
291859
9172
181474
835343
761430
773701
293668
47678
232541
725320
61675
730071
790287
528192
511818
403011
134870
581395
688837
635226
247042
936738
661185
932261
863437
971364
654298
91534
542969
853342
404947
145895
105366
6337
175464
303955
433248
519071
235584
658837
402884
524747
590590
800307
746307
324429
886455
807430
820208
423231
828798
620065
723859
523528
168986
577244
534448
667954
736409
684092
707681
40361
696958
876800
73504
261458
199253
2698
702369
399749
365864
55400
111388
434985
710154
343487
919976
470699
920656
237459
862595
882331
391392
836405
41262
821667
405857
648138
264181
170660
350738
56499
424909
361838
811574
119198
421141
706012
958765
33321
542271
306442
299807
83630
119304
424757
296529
718767
534947
427757
871065
688927
234420
556601
309294
1675
947895
980231
489113
641699
474433
778126
982984
904105
767583
765826
767425
489589
104859
378419
331636
537250
715293
667011
16617
467289
998957
244290
852056
353720
193366
671336
428567
571678
501094
216622
634606
835990
978067
864009
576902
364125
497720
650884
692096
465809
669372
238712
673123
366713
65811
553195
623021
147819
432670
750723
756298
968158
810350
968037
741282
541388
515814
426543
165325
634243
675710
567886
380322
331849
469604
922428
297837
711530
815229
853785
149694
230688
38601
970917
343006
815709
670692
993432
330077
254711
969448
540766
868423
159984
917680
648690
723957
455777
459000
762262
820095
744643
34592
170796
381647
805082
564111
210229
676369
32895
658420
537251
487622
955976
747880
361052
491256
173910
820975
584782
666376
985978
812574
851433
994851
975940
425942
915518
330579
29482
732910
878578
418353
909394
700975
613086
115193
501564
389304
458311
106422
555663
977730
326197
767772
999871
816126
607282
795252
7383
413787
288992
594994
263912
534948
111671
106210
222350
273797
585883
502209
402587
797613
15830
99880
312163
156879
839991
185187
83300
256452
67398
918880
230287
545995
815074
227331
645559
884528
784313
471894
598293
921994
60708
235998
284150
398877
295197
454089
29442
659104
417310
752707
299113
672090
40343
879271
41579
39462
253194
218515
670276
974485
315399
153940
382707
494386
656127
695360
191014
15712
860424
625059
352068
776864
822188
70033
232150
169135
66030
344283
170259
408140
225562
497116
40134
675543
939208
597555
773278
930965
483885
426763
81810
179216
487581
738005
491439
48476
982689
817495
611775
557940
232816
720478
768087
770
630222
810639
37374
106365
586942
891164
734837
128429
594213
804370
935400
464394
737021
872142
755567
269634
418226
962640
378945
746522
671389
218279
419766
147756
680410
353868
309622
594126
784776
897163
297475
929875
835548
843740
521441
170091
477922
945936
934174
599590
146450
446951
246209
99861
674507
41662
651219
417745
766126
