110233
239138
592103
444700
761528
890105
583631
497177
242922
977892
102064
187443
765464
389394
948503
965219
208329
859524
161327
709171
654311
927147
39247
540514
320732
846623
588653
62829
350487
62458
261296
43264
446955
443087
394532
549433
269398
490634
12615
559957
488350
164198
295872
460409
33623
977605
126767
668639
918402
237551
999839
433051
873040
573225
880536
776521
38404
302577
843346
363669
289270
7317
354883
339495
280307
447661
553049
499369
453378
467451
818884
209206
415234
788189
279530
45792
151215
607788
847550
552734
988803
710389
481195
592849
333368
832786
578602
626609
760684
695268
101619
298520
919134
834734
536399
252011
707733
679825
25548
984225
222368
124000
75722
864881
944504
790815
368307
417820
337345
419613
33288
286356
826863
934187
723286
999176
376838
740344
813959
111245
447738
690058
527252
81706
475636
737435
225496
590528
376566
314062
890240
455828
535445
649292
578399
950267
50981
406912
31710
715169
674548
335531
297169
414389
144556
613412
673188
839924
648412
422704
382708
415825
208784
881914
273530
644542
494044
432751
856482
348570
827768
605112
412282
762679
749701
115541
366533
907910
738478
130323
870832
534690
835177
316649
496924
306742
479325
384501
172954
437387
988446
641038
276149
638897
159123
785605
841000
283977
235641
502525
174384
633454
211072
950756
478780
43390
8147
741965
927234
177544
919861
488236
210219
161300
995911
611117
568366
534025
637094
653297
748347
389887
915505
764390
220877
562594
725992
604161
109986
36543
878704
505243
910599
213998
891315
230245
242124
973660
252900
657162
180568
616180
329440
981024
522837
812330
518640
743753
766027
26212
733867
775276
411403
617733
474552
367371
414273
383318
217393
1026
789677
584851
739236
791515
252907
271184
262643
519952
517230
624966
729371
58462
760267
69502
20177
347650
273329
350745
303112
498195
347063
10810
930576
804027
218638
310032
447064
612115
655062
980995
552340
552346
25612
307642
190969
960978
531552
446407
486629
568312
870756
905712
501277
673630
298785
679771
344174
931174
856004
947413
938676
476765
178614
832127
380985
66161
810377
357589
540981
483345
447245
697628
508788
752032
489155
927784
935253
153365
248745
445511
569070
549873
627764
966925
103821
234014
105692
697853
870809
467937
205841
728593
560472
332732
206667
582759
487306
173667
705727
137608
975282
807704
623021
105365
714740
213285
625366
205712
329945
431926
807884
973124
615408
193104
890465
641363
691344
250034
497601
482714
435320
460486
118684
405186
922967
933124
815675
419942
139943
960804
127732
170012
11699
315517
717049
767522
738810
422911
866506
812583
839276
935626
167947
157363
588369
605544
23472
527027
159625
249070
423316
641390
392426
793513
403548
694293
742985
631434
472112
912116
956552
486061
805446
881053
846549
826996
570872
793128
626690
3938
248864
928240
672740
550442
468358
309619
570830
183843
907876
958877
381093
93337
290450
847006
559712
436733
396306
582391
754655
763772
750458
173205
585380
4332
203130
107668
983730
545571
952777
150180
332928
460258
360881
405001
730394
653295
512691
800124
412245
833984
515160
848687
937645
100819
921109
702446
907389
768411
883801
67489
474969
328980
650679
738734
452619
906872
791339
326523
183721
607754
248651
655633
463440
366991
907
978908
314815
982684
739885
864527
393554
233931
929731
696484
205848
579591
922658
269633
672084
459719
208229
384630
6541
510168
557851
857315
554386
266450
632206
433079
