389907
888806
951585
727037
796780
736414
534001
616186
547814
795660
126285
972661
999753
34152
330421
678485
701292
696566
579644
821665
95660
282555
778776
270150
248264
184013
730888
128439
528348
886340
26018
180015
824312
999501
935096
301650
262685
712220
556390
365169
568147
4225
30011
796332
253994
174292
974402
364082
305995
626379
195820
332581
996409
588778
235611
665368
426474
3161
998477
971898
160764
687697
589347
384012
1622
725424
844493
212494
599644
764269
819733
90296
652558
721061
847620
66596
28990
88340
465140
473097
458668
73631
171764
785185
731135
449357
404881
743276
698530
33110
674055
551886
130105
361940
472068
897108
132543
502806
442453
267348
410366
997268
363056
503026
140969
382844
346909
899711
970585
511339
149057
103483
277347
781047
964296
439675
148818
801513
97838
793894
737414
710472
828267
786713
775848
933840
778425
608555
618184
642882
274627
22986
494102
251093
935019
158724
707130
237514
934008
975330
635664
254301
6171
93615
422787
120919
916892
153366
987653
8704
254246
213545
645608
918066
726315
646334
227420
118729
101877
116916
918918
123511
18955
780819
22073
271668
747516
898961
582099
329106
32139
984945
715190
429102
626998
275590
835362
865667
370533
451030
850092
310360
456236
676313
749725
166426
602493
922465
64554
625732
765677
90323
336587
388602
117089
585619
652922
103926
828949
285694
482825
827737
723528
159121
211040
265507
926792
672231
837970
320766
894869
240287
439772
207989
3957
913564
905721
991362
510292
562853
318693
603908
449685
350125
131756
668239
364345
707502
519341
95838
195754
481710
85744
962915
723365
426020
53729
556479
378562
543091
863145
751181
28706
659157
318504
38937
654580
581715
220048
309423
564771
671280
753505
940429
527008
798374
103357
77690
330823
643336
416359
706288
107249
672006
74652
622132
198677
41167
157582
310087
696027
406865
676985
719220
977279
601372
408804
839370
439454
189028
183286
760484
547937
6309
453747
218020
335939
3297
19729
466046
675648
732229
279035
309552
302235
931434
700897
3728
886540
554167
818682
866173
708293
978211
129175
683191
786144
308440
402021
689227
530151
274163
415935
589991
135295
47656
242286
426316
449137
824835
512062
945632
841430
61513
312766
934435
57311
633277
630419
163962
540863
312062
746489
317735
429749
499213
399832
540186
184441
188525
526462
633824
248066
29283
179519
198202
870962
724829
372774
12361
590687
18287
721111
589284
641855
215736
478403
450956
4911
656931
139590
389431
678496
914121
660256
397064
870751
501620
805134
913312
741247
702079
737476
152846
155620
625881
467146
967458
796655
647976
501424
70559
583105
525194
53487
971918
713134
636278
80926
593583
544128
398145
565197
45451
653925
523389
264386
117541
781878
29116
34382
350350
109540
892530
71306
722328
840065
632312
55603
370914
731113
935597
65247
322707
615179
578807
593116
298210
342231
922087
294692
628241
658438
382139
234046
798841
98689
809532
788595
396545
851567
675912
109355
783208
295838
81834
231589
342274
66317
486885
457040
941056
334227
544464
259528
400999
448560
594907
687664
341859
191663
741039
112360
175989
293492
228340
64939
283975
558568
101292
96328
950368
771901
699836
62523
447858
435680
276491
627048
804433
851323
193475
381235
356158
403363
425333
585278
273954
716261
942617
608384
520022
950120
100659
459327
745887
527359
799760
617578
77815
560910
751983
299477
202950
274133
886333
984721
32368
980318
476793
