701267
806135
240932
982173
605152
9435
877478
80072
588309
858416
545365
738431
638350
159168
135314
88992
309684
768167
30627
595887
880376
560167
970056
856837
343931
3305
429868
329239
720848
831825
986551
531426
980889
863356
991488
317744
772622
191513
312992
985162
537500
262241
577378
527867
502761
444340
206870
947644
981814
213074
539141
191489
52254
760050
433086
641759
752763
511618
937551
467928
316904
103612
239183
511365
313888
322722
622936
336222
659973
219286
548755
389993
401405
515032
765868
824701
843063
762460
976420
741618
983052
754823
564996
833256
907456
426246
667119
614576
176231
762891
723153
945690
404196
634469
613492
683163
899021
490747
37361
444891
156330
903333
722179
290713
382748
257896
229175
239228
35291
721931
481215
880631
28632
816538
277543
269527
10817
421047
202911
996780
183651
913175
874614
44306
286249
826784
164712
905691
978882
798942
651406
347994
290017
549404
696051
786958
523870
766885
428871
846762
969658
369687
799213
41661
441727
961632
510511
198147
655110
334552
148689
182279
898066
225659
22531
126963
458522
89345
463727
495862
548900
100380
155059
936336
670349
251854
468201
416317
568165
740388
718369
805692
715575
957586
300400
387834
598054
458156
303970
253664
274674
621183
941066
1206
552858
763530
340603
20850
204828
502748
185359
370849
5720
842635
206820
98417
857619
279438
895335
426649
967446
623800
550792
976229
386806
363986
680461
745825
468207
41363
959234
656161
272618
830270
346446
119532
483422
360216
814626
467587
395602
723461
892042
85137
51648
499135
898278
802480
468502
164465
276658
963925
940566
500726
408064
85466
406429
657577
806024
647143
97664
485480
930326
616379
356242
443626
62305
832668
73730
190586
397948
827353
844321
352016
245285
373433
87554
7690
958843
100098
791418
564172
990029
328743
128903
906993
36430
409487
390157
283692
15204
262526
217211
857344
810143
918818
802381
774488
954503
707452
654314
135875
631694
334505
61997
310928
125092
301005
992641
951107
377066
433371
137317
243697
700478
435778
303119
440125
854133
616247
527597
425583
7718
167515
143878
964782
989667
293834
812735
891674
508931
454592
387834
135112
438875
188647
373593
686747
431883
305409
745504
163195
245748
314606
118648
863989
104903
505435
699472
160815
214585
412935
163614
602630
575827
66547
492164
199430
575397
484070
733709
735941
370138
198554
524310
977436
95847
550022
14281
228995
861789
263881
948421
691336
507295
342320
696474
924012
85613
958436
760240
240794
808990
452211
99655
632837
794028
348217
110360
927133
979817
485418
398939
777901
643344
10623
643938
950100
697783
501179
620322
731485
946208
164697
741970
151742
857454
557012
770221
893418
628980
411794
798033
82579
891753
173742
356809
126591
860280
500961
761768
305478
606580
645836
205516
671910
668969
290340
465794
476418
383245
847546
634376
37821
548374
124326
171949
375855
196453
165967
339349
597635
956704
492186
286233
456685
710749
675693
593419
795658
167033
458015
161815
197973
855881
807870
58180
680451
658664
508220
317082
707517
118192
466038
687198
27384
977028
106658
783097
965810
107721
640533
338487
793418
520308
750703
171434
790588
694974
168676
369967
613561
507445
319143
661960
868191
708204
825397
850985
996378
836563
633339
978958
940502
75553
812708
279305
578336
720621
373571
828634
271832
433052
600666
77174
480469
724597
813253
844714
926101
428817
943302
748377
20127
125870
903534
740449
966776
530146
771236
