22071
777431
24900
439937
293675
486020
817633
107717
18996
346229
742817
871476
754084
717698
419103
537009
362044
503169
343794
778154
810831
66878
744228
251930
369926
746263
647034
157304
316412
666999
231922
241407
919689
582509
193483
16475
237916
823336
646718
226669
582274
872977
67338
633659
469379
845701
295597
772727
782123
40814
465454
884010
546726
700285
85719
317181
297221
720901
905089
730340
106077
887927
405703
683752
657614
909366
550301
34255
145761
467542
663161
763689
349387
80374
667503
789434
664974
994423
208154
92031
514047
978712
551542
834015
111010
586608
734347
671727
763121
229127
521028
161570
349820
879696
135390
142156
38250
396615
202556
350545
6429
71395
922967
975854
925108
718393
530002
368419
532650
278445
351019
124796
328475
630229
541326
132667
829479
598380
97028
948388
486703
466799
374536
784357
179901
483607
502010
411999
743488
771700
581869
455701
448372
868579
654747
589936
2080
867564
287352
520876
940217
958010
432099
748579
669924
644855
99001
498612
735897
571460
447876
749648
179171
831378
925201
159457
443075
684704
306143
382678
749301
106961
899571
21647
966154
374889
325769
635554
942260
245028
140068
241928
286752
366835
517639
480680
35454
457620
595260
499965
388188
516684
951249
173926
761520
960900
944099
487626
522932
7869
381650
855141
587628
541554
639060
88756
343171
385737
671909
38073
451795
604661
251356
519019
276548
51883
923417
225470
587916
297278
545883
920970
751380
900633
330286
972507
186811
574425
39745
963540
599027
127621
48853
330880
648329
916714
408786
953079
234051
70295
211316
935081
731426
711474
486946
233098
66183
448694
443359
471642
810994
691338
798233
281679
758309
573822
497631
333666
903207
855780
498224
623539
666404
302601
808751
925530
139122
164303
799602
12107
204526
943720
107513
105445
909637
861041
176507
32087
75599
932201
363036
426479
947861
13516
207484
768833
871667
186256
798953
232048
437977
220539
852276
69276
959211
154591
921953
704872
569224
321267
315320
408998
381928
66832
581624
834530
343775
38597
540331
212808
525118
821335
457749
952883
997976
978968
413574
319762
970978
446626
800399
823481
458740
175345
280913
234242
69292
755866
548785
210845
596658
231980
595047
249787
850581
862242
190390
826579
942292
655873
784758
353168
87418
791828
357261
574231
562912
312770
755068
568440
240918
221705
590741
52208
119197
946009
705290
477145
599691
413903
323169
828207
242641
745676
741445
455551
566618
837810
457078
357038
904009
829499
928287
272931
298149
242805
117128
765650
603153
300766
734690
362790
802804
28440
790976
787210
947511
747016
296869
685461
382316
862545
487672
922960
306124
830696
38868
187556
108889
410196
695228
799077
92962
237125
165611
326517
245029
555214
451018
247702
658382
415551
72699
725904
831070
431651
398738
589179
757543
885203
649124
320298
746867
248629
913271
756020
112709
987605
646617
5472
112823
570333
440012
161132
634050
711348
929630
991674
270300
369457
522456
50136
946044
922939
410060
937578
60089
638207
438289
522934
749904
374028
714380
889676
1092
845198
843812
201360
110880
677221
845591
565862
220248
747105
105131
515000
824142
117020
654908
790182
566128
74996
913908
225227
374334
628964
501338
543401
96105
676671
445313
116848
799383
545544
665824
879472
249732
174640
361666
239384
639106
563885
63828
53738
868768
382131
345436
114813
198569
678929
624649
537134
881476
31723
638949
233060
596985
476560
639142
869695
