953806
211616
549926
169026
331967
159183
762004
565041
384521
580244
66761
651183
766042
871157
36021
210273
392126
582777
809502
294640
49076
699263
192007
990834
439407
902955
200186
237926
387814
732923
342391
593822
648984
270903
204857
920375
418336
239431
227041
932036
806832
755103
318658
754953
537325
86549
309768
737251
859431
297362
55749
434245
182643
292007
631257
394461
234727
520439
441790
889557
862066
596626
846574
951733
942549
839843
67761
392869
627522
577855
873862
269712
746895
6749
874477
914789
109207
52005
889551
160055
554350
879521
597835
411780
152574
344400
790239
56659
817219
691033
598702
906486
57823
338845
406387
771887
585434
556005
72387
45871
438778
219962
550072
511418
780475
61268
740608
605350
214252
156778
399552
289217
97446
901800
230374
194450
736425
846719
147914
14200
995092
129238
282624
580784
103489
639582
911612
833074
867643
949891
865442
828730
793309
797950
77354
214180
922056
929031
68269
504624
500672
108904
746574
71782
595683
431789
964999
710483
16840
338552
858639
515249
82800
850225
364069
638948
530219
576858
394620
967329
461771
95808
564035
85545
701
21581
208272
542131
285769
492987
480616
931304
980134
91747
485805
758152
472314
859443
633253
155178
816942
134206
262243
316704
87915
603246
459028
138233
820979
29844
100008
853088
383838
116512
446682
567137
462319
688044
899614
182412
910098
837106
190567
471986
502516
202015
418770
18636
154175
350975
457458
627900
503473
748695
418040
464811
30808
465169
789823
965841
471916
489106
820850
54098
617032
956392
32283
226630
182407
763295
768008
974993
749815
860594
487644
16753
32125
747551
296111
627607
939973
187475
233315
489004
219619
4485
855556
595188
106251
74335
638747
689744
275177
310102
694352
816989
885470
753691
190777
122234
965336
113193
378435
285672
733581
730367
531899
599050
598036
277544
883386
326283
307744
730101
545899
211230
969241
371533
414586
748833
461465
606299
594139
110491
81344
922853
649652
369316
770740
383165
961896
38244
465976
789776
715009
282291
439720
684699
131321
774752
562254
407102
869
220429
952357
269993
499263
205752
130792
602547
236558
125780
848789
906249
970996
419349
652483
739587
315028
205195
200477
917906
503710
115110
507962
516374
968312
634008
452122
27980
662794
511192
365760
374245
24486
127746
647719
439345
414035
338907
822626
372602
296181
616371
927507
297902
56730
835427
641991
763827
609955
838710
25005
555935
749261
943012
91569
466240
21339
48377
170810
640149
591010
360661
723196
973024
229936
721804
388090
605331
751194
841837
247068
959271
247905
910432
342184
98124
433344
751017
148704
348411
312917
348681
802488
818791
709353
500995
283955
599761
284702
747836
466137
30075
516468
78460
877207
637300
212408
592977
386803
759762
840329
361746
369514
796286
747272
580289
999207
324393
673820
192394
299682
458717
830430
620136
704852
665838
901672
526887
798994
66255
165045
849412
754957
419969
984949
492720
137893
933349
698544
426035
772325
358899
899476
504174
994527
518659
439901
839801
668901
42569
147615
50474
538081
895518
778291
828087
312082
462329
458748
896307
910436
713404
366357
520308
789610
569962
695257
851478
612730
235831
754126
774616
207141
789816
277678
484195
209681
12154
621588
466539
753141
489262
618624
496110
808881
343170
443911
3546
651208
379530
976730
719884
21947
210333
438960
134834
516035
372093
984787
356113
607146
230830
998468
886946
753030
688807
570892
235928
