849628
770237
794860
503957
996674
604899
188710
723704
504428
609225
798614
801084
124851
147895
908069
621009
705911
305398
965287
697744
585852
479435
285592
822088
607790
330257
354472
261222
303365
233010
105773
290048
709379
617218
969080
13822
882651
493752
300546
146341
138348
195721
118852
345089
554218
63907
246949
275183
901278
930691
879246
883268
248132
186035
945818
288478
778386
219556
126825
466629
210776
874787
759251
772925
230146
861883
360378
12586
463739
112040
2745
777952
638700
53363
968377
790919
148130
676015
549090
716071
511950
234382
941613
480662
252581
913504
992984
2107
55208
963242
528563
919678
515070
728543
284760
709966
394301
680766
730360
152718
376135
818823
907151
216605
91921
677211
157497
299648
367231
204399
958815
363503
38251
638252
373641
187769
986309
110247
943128
925780
317460
170168
675979
347269
604251
261113
934974
282792
592598
15453
722804
450525
835299
988586
836297
823375
554814
429268
166474
623778
92197
171064
97952
193336
974490
299441
684839
862432
961223
340443
802844
485853
207675
368226
344245
443150
410259
606277
700491
167742
132852
867181
327091
211914
4468
966308
347882
227307
859608
250100
396398
185056
1400
494173
947689
166649
919423
718001
140296
331137
376847
967312
675563
762569
334593
503100
145589
593677
104010
57688
745922
579014
387641
394626
719480
803083
768988
688905
563959
960165
780930
187405
586218
338030
437020
7794
372479
645860
196669
436800
927731
913487
312705
210139
732742
230157
486857
804762
620622
758327
339108
80133
424360
489778
806537
909552
707721
204180
429376
936878
46642
930096
149921
679604
203138
913984
43573
756428
642277
565422
210553
59250
700650
84223
586432
964047
815091
494172
468536
600015
945029
985151
949573
326241
226496
191350
501961
61195
259176
826135
349253
768679
847713
247105
879321
238141
97274
466954
411239
231294
47776
73098
730134
359387
174067
818371
561586
928128
496821
578603
429105
943729
836830
15576
228945
73407
562830
932232
215900
82022
795802
790345
652813
199750
604743
534603
452045
106812
998869
414592
524310
995869
30322
344045
457721
709775
357968
237457
72122
12675
100048
341038
684441
261522
242525
622264
696108
247923
644054
895193
442023
607767
507235
922463
197310
933473
843817
658179
804385
614149
861528
750295
567270
507900
986593
414539
41925
601761
679813
357083
525500
701932
237641
757721
744851
778440
674758
938194
344378
902034
129116
319648
281486
75184
947079
12812
627770
983948
328778
776925
509178
822956
629767
166530
281275
10544
940784
286615
407903
999911
712088
455703
860828
950669
404323
885727
219652
377317
328860
67867
410015
598319
806053
929359
552244
726791
261769
601604
902951
670810
166126
426445
164284
872901
205414
331188
547449
201740
506020
888838
434026
305139
919691
904504
849150
618044
932706
309493
347023
406654
399972
173381
754815
410527
753076
989083
148414
644270
924654
801851
125543
87647
792921
408070
368458
365540
903736
993379
389765
227428
229632
889740
945739
635674
430627
840498
216070
598797
644747
133646
80281
336423
80930
809926
604606
864437
721742
182904
38671
519674
880634
712485
7136
105968
883856
709757
386185
984540
559363
791299
433665
616525
547784
301980
219365
585905
375588
817082
41113
262803
770016
427488
635909
232565
760730
834257
934529
331653
294710
121497
129163
259072
97905
901879
121077
493024
75925
651429
47068
99843
736393
824134
718866
507034
869248
619051
123229
597386
120018
977666
