451604
149669
428810
614995
742919
936055
463875
964729
423448
825466
182397
890009
769576
242242
124982
568804
788640
894460
837467
181848
919726
505955
829528
824581
608220
583627
505214
680940
803150
495771
445968
834626
476312
957016
301994
796437
807610
648540
102351
225222
784697
574757
777677
517684
331227
811145
656591
122041
640958
289479
366655
824782
478997
614970
212886
642570
536000
122919
388801
796423
397959
356085
412145
160421
881332
298876
770304
464808
721418
833589
756091
921021
177701
542738
992656
489050
417391
904679
116629
112579
533308
945349
211570
589096
550531
24744
336813
237995
619898
966598
572112
219328
863821
204935
454009
208558
134906
311572
905278
816946
272076
259657
79290
608578
787121
64068
487993
202223
634938
81951
569020
402339
81136
477690
930345
137674
269005
342513
393042
375246
919454
446637
861600
960378
539379
509526
167132
30016
688831
741030
214553
885526
946515
511065
89218
89786
413938
258240
724604
347927
649488
662773
386807
17664
500908
469353
349206
744409
14663
576729
354552
647188
435007
970144
542435
446233
516557
57189
481293
777535
915928
107060
435334
422775
381235
274027
229509
500297
982266
491659
221581
825590
156292
685166
879099
344251
975877
914007
994415
385975
863811
551333
708757
753060
516979
716834
916047
864833
732912
775224
173313
951568
303383
279939
560056
864699
284545
896386
852407
277842
28382
98790
66976
887983
754986
892173
383420
924987
337935
583176
470695
13961
512919
850200
382427
174432
481100
630008
281559
963030
969583
934612
330667
348951
963921
753239
417827
215749
343569
217634
312717
719674
135794
692888
96233
190824
829783
718742
696109
27618
938206
254784
521074
200115
672855
98999
280062
696748
556960
802598
70255
685500
758302
577532
475008
619639
624858
649076
135227
824697
864757
58191
546107
648932
574537
997412
578205
940100
13406
595341
746115
44244
95366
512323
902404
667610
740502
97348
497651
910701
9793
189424
260427
880407
514130
394164
283636
428053
582150
648541
152884
852027
784707
109774
742773
121076
566393
939981
117870
428007
362132
251639
377905
915382
183643
660244
302033
358944
653096
804741
666222
140934
144644
132762
527007
101067
191710
757888
938170
189780
132328
589143
990595
177583
316367
903266
472750
10320
787029
463256
197458
215670
474316
467735
475885
33004
651377
824440
226766
487979
889122
823933
68899
256476
967421
763175
187935
56124
199959
660709
456711
412889
453078
856614
182682
548793
129068
661327
455643
414105
330544
49289
319804
220819
607450
694641
845097
135449
326427
816115
63790
383325
70167
58225
240581
424851
728320
246364
852608
802894
709456
454246
816719
229063
928995
541838
478255
103741
614894
810266
749296
323126
558112
993507
208352
419555
673299
220426
73689
648609
586735
402760
113892
479388
970972
447972
439241
780622
703905
323517
899765
909349
865438
392839
446917
914883
925986
522963
80885
781983
721578
311238
99232
593032
343607
875819
838323
453066
493194
107493
962354
84393
334079
506045
763942
66058
417860
364634
567138
521266
148980
246734
173809
391973
295380
433164
542623
86576
559912
18296
251296
848579
159155
650711
223392
214390
686986
650534
877351
881132
153428
773638
419176
336405
349344
839508
246119
186061
111715
149463
930950
884770
166989
73363
863402
236723
554886
417722
364558
564787
430218
293314
14884
18445
983838
166610
192227
367970
822765
162325
924594
758829
784324
311537
176175
516552
418279
858706
856540
807303
