92775
343943
809343
974583
64753
484641
78285
853824
512278
458949
127197
402454
901280
812031
199800
360277
84668
6291
529754
991412
944653
216334
43239
714603
97964
852152
999659
486959
758977
220005
69132
958169
742583
900330
353359
663269
274207
31021
154371
783317
934115
573910
475214
438965
942500
682466
922130
955386
682995
85462
117499
964996
276393
503568
335911
264579
272804
97016
857075
941493
131102
107606
182430
841293
439531
23998
847261
666991
431119
688806
271739
340312
65849
995736
259817
324123
472480
462978
89385
477894
211065
290475
582611
924515
991954
747584
349443
62938
420366
424461
247392
641844
950077
339143
529033
117946
364823
228549
934301
408700
607126
280527
401959
276397
68269
857871
373029
42604
530536
771173
960116
919518
500705
790038
861913
690998
37724
436260
766830
654550
225664
540600
160871
995919
843315
761724
714240
612805
139472
955909
914437
634158
26312
470126
603133
242553
853138
736384
332532
400651
753744
257421
395044
820132
131904
584796
684927
530720
50715
307262
178908
986650
173070
992319
370939
533291
512658
280440
175286
590288
207850
150785
748871
582057
954232
11525
294576
274782
7485
675182
901067
563996
527212
970494
425838
964797
922345
703167
743162
200774
412515
325139
551745
427850
18058
253605
205393
827179
850799
621184
315425
657088
192248
251710
178903
889554
257596
504152
897972
200193
88193
383389
997405
315716
727567
534782
360711
567502
356976
488454
321341
150027
590087
970854
989905
513097
990731
116590
159965
909172
358302
874072
954549
629882
443918
922239
890219
589517
507239
651949
612605
901575
682802
124689
379103
579623
539855
495375
77473
585337
535914
111474
786494
682708
309021
651005
766336
901693
564130
580063
991058
565673
315635
493892
994788
600608
212288
198728
307829
163325
78796
127430
328128
789842
389669
556815
616837
343464
31166
892983
918834
839524
546026
821641
833326
499397
79031
223258
778947
159369
954341
460923
552741
545327
223106
15752
886307
712216
363491
796509
567273
267143
214913
906536
253167
716743
269997
66778
356866
265900
314033
490359
193389
848625
416261
809102
325828
331456
100971
190530
724748
942737
897960
986758
374538
229930
479455
711399
791719
452100
749771
898051
403901
62798
921624
594071
844992
128139
193439
88950
293323
134230
819388
875734
442374
566726
529358
739909
993266
534636
813515
625849
667985
753081
867005
627716
689141
216317
910109
993446
517987
172362
742666
66812
832866
542263
22502
448855
291494
108480
230414
467944
173908
653067
290100
603287
599538
670277
453786
98482
271469
579883
599340
635138
874885
608869
757435
589370
397145
714572
468690
727561
794122
193164
318967
159439
296271
136613
981567
170539
196117
247627
134222
222579
704721
371182
400427
145213
531235
331668
395580
39578
900392
732257
483810
34339
460636
575033
949683
734187
383594
569788
820880
390676
636499
616560
277731
396349
502902
802237
818552
484249
109441
718993
418932
452763
619317
168228
997942
44365
18703
57813
37704
112960
216024
881779
411393
662558
917451
374489
359163
876571
320606
2033
585197
588106
674415
690713
559140
332556
767820
293410
407395
101347
551135
925301
265427
614756
777716
748816
971368
362123
22441
950062
384851
497576
714929
758597
743517
909560
422148
823721
375143
957455
887207
904462
939771
736816
497875
368234
759822
84991
560901
912121
768980
732749
878561
643098
382976
357587
749764
663767
355351
581563
872421
643586
126576
559383
345830
234682
