15310
962348
450609
307923
508227
411692
703461
233804
920103
626422
770088
726799
751768
432838
439450
414175
850236
624697
774957
497403
258873
923269
553001
374171
736014
962762
427034
250584
794124
58624
171031
258539
345589
140495
86447
162765
491119
39677
119601
496830
909477
79873
888536
197346
169083
854327
53905
774789
498795
913517
747947
827199
440257
263578
923866
869747
83695
78062
81448
522801
554510
615429
438969
996028
150322
434037
960761
108197
808296
941510
336612
24406
447054
546113
742961
924075
876751
668449
392476
981754
954939
622118
905167
285491
593279
900553
598892
437859
343813
239114
937338
558035
157739
30949
123881
766669
141272
985315
532739
95358
426817
346060
472049
501943
38327
968506
371304
273037
779882
888328
827822
601825
97342
476778
65805
641210
487688
287703
527506
883854
586149
450976
831938
450528
668599
286372
578203
420227
664893
752220
672450
690748
472398
148370
767630
540613
937522
275887
105327
711278
148765
835185
339196
668895
791241
2619
532505
402744
883310
48646
780161
815193
197345
348854
507062
677373
298503
875975
244034
861185
450676
90342
86504
18819
660836
843100
892076
873381
65556
974629
33468
819249
331134
99103
882810
700503
167472
554590
359463
559825
907400
495772
881645
683687
450894
613326
64969
935182
54190
865169
949843
223852
467344
21059
540459
222263
569622
227375
162050
449979
343921
535072
437698
354490
612704
613462
210395
917933
363911
127318
804523
648617
110376
116252
613257
335965
233152
345196
949039
317176
471040
540679
206145
56551
210470
18616
848702
567356
334968
974605
37442
41834
990109
412259
429877
395821
967832
61595
302932
895366
471137
620265
903322
979940
268834
505611
992970
395743
183563
749334
223772
474397
623762
270763
274690
838487
130635
385033
562965
681462
189023
494076
632865
418903
327084
606324
856457
87854
507513
429808
834329
798150
104020
176089
162022
256102
965066
686891
848356
448655
670787
810830
601604
215459
738039
539331
851079
440288
460305
242106
977380
501001
324382
563392
889042
683621
972530
210005
435379
400609
431960
441692
668509
664592
726579
941611
339397
285459
848437
491842
312778
797268
633979
378265
801756
574060
14148
379410
422791
48037
730317
627598
381216
769817
213258
861147
694986
209465
58498
979467
866981
38506
549704
557024
386453
695113
988305
705763
994666
667343
771383
680532
398001
567696
678217
10363
819414
765981
633292
725789
207924
449226
37907
659466
464635
248010
123126
690707
349949
638518
379890
23066
955093
397164
719517
531842
264884
166676
232004
189060
477513
25662
927395
155683
326541
549927
518720
458680
912488
744667
426852
617959
965571
298548
167863
771570
717419
471168
734199
636908
361694
98113
442516
349893
120374
55118
636844
248772
513839
805526
725662
111956
232919
663812
961741
78965
136657
128127
359091
299219
916933
966409
728351
740468
707048
712903
432524
82826
268131
252767
953376
930216
584546
312957
119870
150738
825724
895089
830472
821101
318714
719794
967732
332949
580870
448134
214985
336717
948978
238969
3895
200081
443169
950346
888337
911688
278742
395302
266792
354197
265303
253324
84741
711117
242813
616207
111362
938819
557467
276538
487365
32510
43081
19341
683738
478156
261836
400102
226669
103856
22115
158331
258081
952502
852016
368196
521039
393640
976642
604341
156446
13721
346235
227305
490875
1950
744931
823322
943861
841180
620488
354125
618552
821629
432207
668427
412644
444413
6172
66121
