920842
659104
920857
930473
838723
425350
948199
477849
348524
52118
868959
70810
288769
285720
902531
336795
512597
644383
448391
324995
905515
815267
972789
767566
504117
684013
395585
287247
784550
393835
287529
759571
698934
782051
120520
141926
959154
446533
296761
766575
776637
468697
830306
308918
954727
904407
596772
241030
265063
297173
117277
239086
490168
983451
423064
739041
413838
766098
724754
571837
453556
818139
198314
384233
501892
499645
527652
337879
327298
640566
413657
611049
650197
353970
153151
391024
804258
415321
741329
154575
372166
595779
428699
265278
675952
441799
867684
894826
155994
229425
488247
179194
172898
930897
992784
711725
943177
316400
51360
783263
398151
513182
226429
408618
158216
363623
321769
116969
304071
642916
666685
230424
479174
208749
622771
467927
328935
154092
374349
880014
999914
790477
329124
779818
427140
96849
105040
207620
861976
826754
156401
702819
138580
139265
990808
659992
951083
281147
76054
97864
983146
582458
697182
879046
187321
121367
168793
408798
440945
738318
239751
57199
197780
628906
923276
477360
886509
203615
579935
376979
365509
360182
754314
160198
333695
581475
248478
941398
826001
87026
474295
750830
946143
105248
50856
895998
799350
365126
673090
142583
845281
534640
90118
638514
592748
889612
340325
461104
320179
586814
331695
625852
422373
943056
788896
703469
52699
330439
986052
442632
853327
394577
696771
273602
207226
506394
248589
623586
36046
876349
704930
496901
446477
402327
726846
483387
211844
618616
597984
58255
782632
734067
299126
576805
879563
227861
577959
715067
205371
122802
253436
329170
809528
190491
528172
464678
677327
414955
643586
855704
432919
866049
413165
862253
895239
798152
596772
9519
526963
776433
602676
920945
455201
156866
428519
547568
30540
517128
333075
44501
29108
100968
368956
153816
632800
138260
966375
457918
69938
513945
231228
227650
322341
737172
93654
651986
613925
681860
105643
122416
602506
70779
250899
678457
950003
106735
167606
803843
606971
911341
435607
214687
444571
416109
198327
608765
316124
473728
510055
15279
9398
139046
710062
898182
528522
676604
900242
304921
12473
670418
941767
676388
427487
612059
433201
273228
47024
812093
721816
40640
837869
682377
374375
689020
662018
852741
20385
908967
143103
594340
605345
505052
312433
203543
855884
232902
968093
631036
702741
957989
858648
986613
242860
666669
846854
126548
231620
631245
828205
657522
239807
833997
383349
934431
54073
417744
656254
85875
917614
450489
943006
207811
705929
52714
282869
903855
81546
812584
610671
55705
990354
694235
904150
591024
838478
789489
768466
639530
52414
114337
630206
818320
859425
994189
917543
745203
667199
608576
23075
155964
367890
2071
204940
592737
139346
926333
16088
431156
277148
344719
894102
948885
405758
362718
730439
853640
302945
798674
812695
748833
305108
790507
459574
419228
650225
536483
553432
209033
904046
776624
573509
576420
648450
302501
694877
98499
939569
414712
618540
300072
417718
416350
270758
790070
357324
137299
235967
598145
83866
713846
172265
172094
114937
937104
292011
50329
932771
200565
367771
992998
242553
887747
891320
44463
88240
707527
350054
77227
2138
103616
247686
232528
385869
731899
470129
182144
680242
157
957586
882078
441132
825151
267549
662404
679714
460147
317680
937933
494507
809510
316996
180493
223381
944734
530192
980768
648850
144482
388794
669536
787328
644728
223610
240432
627347
643209
245326
848181
572002
447841
